413 0.004339028661062561 0.9032647433304271 1409 4641 206040
343 0.006442572018553444 0.8939438697976355 1139 3832 206040
445 0.004188088944334006 0.9061925108582054 1506 4642 206040
489 5.263157894736803E-4 0.9063047898235193 1680 5022 206040
499 0.06595107444863352 0.8103359974097643 1594 5778 20604
491 0.07356392524354469 0.8132293530137057 1526 5721 20604
468 0.05498052904515488 0.8059313461164478 1501 4602 20604
427 0.06729304573969846 0.8084447500224257 1348 4081 20604
466 0.011924489057342141 0.8919289193644442 1575 4669 103020
386 0.01546516322280131 0.883160096759126 1293 4329 103020
391 0.013505949168903103 0.8996121534743747 1313 4220 103020
440 0.021321699987989884 0.9007615862568478 1474 4627 103020
451 0.019601776253531433 0.8813503672063263 1510 5015 51510
371 0.031518350622124186 0.8593114328321296 1220 3785 51510
489 0.020795620512502472 0.8646899612767712 1624 4981 51510
455 0.02493927470920007 0.8792012768102957 1527 4936 51510
394 0.005330122240486512 0.9041537294301035 1347 4236 154530
453 0.007532082352309538 0.8998427416092415 1537 5280 154530
529 0.006255751599537479 0.9025556937726684 1796 5291 154530
488 0.005499594077183034 0.8986543923172999 1645 3927 154530
