565 0.12168645898444236 0.7522316691454423 1693 5820 20604
395 0.11079670066739697 0.7652241929039774 1197 4313 20604
352 0.1304973910332964 0.7732419090067602 1033 3525 20604
465 0.10315236997212218 0.7680762636739318 1421 4563 20604
467 0.047069846824281725 0.8645068607046773 1504 4833 51510
398 0.030794370801017268 0.853948507715862 1330 4018 51510
436 0.025315986325848555 0.8650723447584362 1452 4594 51510
497 0.04978593001259074 0.8664746084649771 1612 4984 51510
444 0.03275894630400522 0.888613319345918 1485 4433 103020
466 0.025269186416176342 0.8848340420687072 1560 4708 103020
451 0.020481642825108615 0.876588946590228 1494 4197 103020
516 0.0251750119969463 0.8876252758383553 1717 4900 103020
478 0.017027934630805125 0.9001837685247089 1588 5635 154530
437 0.01610430288332465 0.8913306866029773 1444 4698 154530
462 0.017392869030491337 0.8957930759647952 1548 5512 154530
357 0.019936573580904338 0.8863094470057808 1186 3861 154530
449 0.010455599884206163 0.8926507394566975 1521 4886 206040
494 0.013831037354985892 0.902449831081061 1665 5350 206040
331 0.014732859925797176 0.893114087576286 1108 3409 206040
485 0.014886112433152826 0.8986213983774648 1638 3989 206040
