1 154530 0.9566725006926514 0.0039781537162445115 0.01863838347968618 0.0033370936215051084 100000 4 660 50.6255864163567
1 154530 0.8747740346689694 0.11180578319221174 0.025476357975434953 0.004561102284186931 100000 4 563 88.20997676000147
1 20604 0.7887551528012936 0.011546543847969238 0.11512772527687147 0.011810291677760563 100000 1 529 42.89288985368088
1 20604 0.8303195232898697 0.008725433946284358 0.05939640836514844 0.005981539750086376 100000 2 598 43.18275118609281
1 20604 0.775912636457084 0.02756668909339681 0.08119785179364418 0.021910511490702847 100000 4 577 37.78822567943618
1 20604 0.7799359303738879 0.008459258480378963 0.04406220464054835 0.004641867918260581 100000 8 628 61.84375473724085
1 20604 0.6242260288097335 0.036053623342019586 0.14086883473782125 0.033154694365188184 100000 16 540 39.370674365573166
1 51510 0.8629454200972576 0.007461486287721143 0.05294884327113736 0.006264763421654698 100000 1 612 51.8415856238985
1 51510 0.882499597426801 0.008479811265051117 0.05019314419950458 0.009738242628601656 100000 2 574 44.23629731340542
1 51510 0.904981898600813 0.0075281677196889375 0.026150423038717306 0.00427331313612738 100000 4 630 56.54644109048774
1 51510 0.8451921492522981 0.018515151022268108 0.06671705611679418 0.01744644323518426 100000 8 581 45.66672749387676
1 51510 0.8647531389064389 0.009209507906068368 0.023701951018893348 0.00468597147909802 100000 16 608 61.80574406962511
1 103020 0.8716177967334179 0.0036884277298591425 0.052427652703819994 0.005519412582502071 100000 1 600 56.99078872940784
1 103020 0.9227016591787081 0.0038503690173281985 0.027403961080549728 0.0035260332493340578 100000 2 644 52.35026265454645
1 103020 0.925884054107752 0.007482255648646293 0.03568011567888134 0.007116829357535379 100000 4 629 45.29735091592001
1 103020 0.9345278592161623 0.0052077970019243185 0.016906779973429303 0.003010013642054417 100000 8 622 55.56572684668131
1 103020 0.918499869903141 0.012035773441758877 0.02050438828734722 0.005347518985282915 100000 16 622 38.22760782471223
1 154530 0.8823258071009755 0.004341535214291129 0.04197628197025181 0.003729539717026872 100000 1 604 59.81262408555572
1 154530 0.9254305762437861 0.0046757328962538655 0.033794537040425766 0.0056174436084859445 100000 2 616 59.170093797458186
1 154530 0.9579871323361541 0.003206963232714477 0.01686281106631805 0.0023740282832835783 100000 4 646 31.50079364079578
1 154530 0.9540215598523869 0.00368971478651264 0.015143605770412554 0.0032095821629636 100000 8 616 60.79062427710378
1 154530 0.9512628275851276 0.004414314310715094 0.011505263573679909 0.002610372690767202 100000 16 647 104.6747342962952
1 206040 0.8772119025765426 0.004117716967168789 0.04616985524271413 0.00426428214932363 100000 1 600 51.97018375953658
1 206040 0.9352645977450225 0.0033464571789550476 0.02415368779832306 0.003274069157030928 100000 2 630 63.32219200248835
1 206040 0.9550396059899844 0.003920369438392626 0.022122927916756654 0.004303289206778216 100000 4 617 47.446812327067875
1 206040 0.9639453999932712 0.0031876113258272813 0.012789088365892492 0.0022575818897146195 100000 8 630 65.47594978310738
1 206040 0.9477914242535087 0.006693109718184045 0.016766133849934806 0.004849796925926064 100000 16 621 39.496835316262995
0 154530 0.8738751678242535 0.0057509572189472355 0.050061656297571665 0.00505087964391303 100000 1 629 78.1591325438045
0 154530 0.9189074310681471 0.004163146725707636 0.03923185516927348 0.004327048363394506 100000 2 607 55.48107785542743
0 154530 0.914291291314164 0.006001230185030314 0.03448410701960822 0.005428737404722393 100000 16 613 59.6498113995342
1 20604 0.6951301281726543 0.19504038744776703 0.10159363113275661 0.03455752969441703 100000 1 510 140.07301667344785
1 20604 0.8339712057463278 0.010050343947128781 0.054700684768235586 0.003611582255217341 100000 2 633 94.40021186416904
1 20604 0.7512169428170469 0.018818154803730107 0.12083827433806313 0.022229519604444845 100000 4 548 48.40092974313613
1 20604 0.7754077440859024 0.011987492638695795 0.04934841850400553 0.005533594487941077 100000 8 597 53.32588489654907
1 20604 0.6390237735481575 0.03106726864390604 0.15616351488499622 0.03059571292739125 100000 16 529 44.95831402532795
1 51510 0.8634865828885199 0.006318487338806758 0.05252389484260056 0.00383602400258284 100000 1 630 60.80213812029969
1 51510 0.830864193294301 0.151789413257331 0.05990713721703347 0.015744090283078736 100000 2 564 96.56655735812477
1 51510 0.9038080315689783 0.008149088740803579 0.027676110344505723 0.003835381904530461 100000 4 623 47.859690763731436
1 51510 0.6748735448033736 0.2552968088746536 0.05631459308398764 0.025214142286764784 100000 8 490 175.66032562875432
1 51510 0.8705304401073551 0.006033512253358049 0.021946540474597515 0.005017139101144793 100000 16 631 51.859907443033485
