1 20604 0.8308198767047911 0.008840057558597198 0.052301267456847246 0.006239076929245403 1000 2 583 65.90864890133919
1 51510 0.8842943946194929 0.013188984239597162 0.05303657785161583 0.015098642044844308 1000 2 591 60.659706560450815
1 103020 0.923639371329652 0.0038297912813826333 0.02755830188050875 0.0039797930716215036 1000 2 624 53.356817746188725
1 154530 0.9245087109879371 0.004497621176379251 0.033698511253206595 0.004689645369417155 1000 2 631 73.63966322573725
1 206040 0.9351584945210135 0.0032666275644202005 0.023486843124154298 0.0034110686585336713 1000 2 626 57.334108521891224
1 20604 0.8358083778324163 0.007804524621431501 0.05394328941423447 0.00624553326419738 10000 2 575 48.73243273221644
1 51510 0.881751216258919 0.010533986013604267 0.05746808993054897 0.014101730083271384 10000 2 585 61.652656066060935
1 103020 0.923351824465232 0.0042289029557559706 0.027226727302401315 0.0037439907751470112 10000 2 627 56.71287331814533
1 154530 0.9241675566275219 0.005759683689213285 0.03268662902509887 0.003748305307522057 10000 2 601 49.36142218372562
1 206040 0.9352484163648749 0.0036012591270712436 0.02384214263035949 0.0036319103951369097 10000 2 635 64.8837421855429
1 20604 0.8300573347995904 0.006485762691396747 0.057374516798347 0.006475255214123968 100000 2 597 39.03460003637798
1 51510 0.8787768407388615 0.008744710759703463 0.061924147720130315 0.010101735501868164 100000 2 573 48.23950663097624
1 103020 0.9234631131319091 0.006028122419256315 0.02921420095339857 0.003910380846484643 100000 2 646 88.51271095159159
1 154530 0.9250935784610059 0.004985342874267366 0.0315945660967817 0.004635838563278261 100000 2 606 42.71592209001229
1 206040 0.9352126061041819 0.0027413250918217336 0.024048938385360603 0.003278782703231838 100000 2 668 55.65069631190611
1 20604 0.7712253819846798 0.04673140787530906 0.12485903690887427 0.014715521358244926 1000000 2 545 66.2525471208466
1 51510 0.8843005441166241 0.01271543122577652 0.051107889259160086 0.007856560008220425 1000000 2 605 72.52241032949746
1 103020 0.9121411587571817 0.005560410927288541 0.043447081811169616 0.004603445941951946 1000000 2 581 42.30839160261236
1 154530 0.9268272010256009 0.004263062112790904 0.029615123649256798 0.003475143177610842 1000000 2 627 47.5131560728184
1 206040 0.9288645241792942 0.005449756958977685 0.032391414269324535 0.003618450283548159 1000000 2 586 38.161498922343185
