1842 0.03203492043219339 0.8983875439639426 6304 15574 206040 100000 
2099 0.03255950587299172 0.9068706432427034 7185 15986 206040 100000 
1998 0.03172439646123859 0.9039562897375446 6827 14457 206040 100000 
2124 0.02714294635921488 0.9107112340183868 7305 16934 206040 100000 
1850 0.02905933082727255 0.9063520922563655 6388 15368 206040 100000 
1838 0.0318455112068077 0.9084907160105054 6351 16307 206040 100000 
1745 0.03039688862500728 0.9067120491645885 5989 14365 206040 100000 
1987 0.030979655977267817 0.904914329057368 6832 16552 206040 100000 
2038 0.028773140500242322 0.9079770147292244 7011 17550 206040 100000 
1090 0.022267022784875135 0.9434911492165357 3890 9294 206040 100000 
1066 0.022853191883335955 0.9396133500508099 3815 8790 206040 100000 
1148 0.021570412183048587 0.942190433041832 4098 9655 206040 100000 
1163 0.02205452078237538 0.9420610404584036 4160 9617 206040 100000 
1196 0.022046028974762516 0.9420247899506138 4283 9760 206040 100000 
1139 0.021985251973179992 0.9433741080086092 4092 9011 206040 100000 
1079 0.02534261529985979 0.9426462899307453 3827 9226 206040 100000 
1075 0.022762387960412606 0.9424441857267378 3825 8774 206040 100000 
1207 0.021234106119376844 0.935656635759679 4317 10068 206040 100000 
968 0.01800431152582324 0.9612368536451207 3547 8779 206040 100000 
821 0.01656668643612197 0.9557119765946827 2985 6939 206040 100000 
1002 0.012929820622403998 0.959049119462106 3657 8543 206040 100000 
905 0.015352314929125283 0.9564310588199103 3283 7398 206040 100000 
1004 0.01902140627051055 0.9609447652863663 3670 8465 206040 100000 
995 0.018712548429441755 0.9603703733977353 3614 8120 206040 100000 
1005 0.018807545236884105 0.9644061266061962 3638 8531 206040 100000 
851 0.014853903886830722 0.9592609147159463 3092 6797 206040 100000 
875 0.014115761390092602 0.9544439476410398 3187 8057 206040 100000 
758 0.017484146431088754 0.9633145038487672 2788 6553 206040 100000 
850 0.015029696609738075 0.9630051075059591 3120 6888 206040 100000 
781 0.018105743021069848 0.9624969946542037 2856 6425 206040 100000 
771 0.01554573501899914 0.9599422574858326 2829 6390 206040 100000 
826 0.01893488788293507 0.9562458377037224 3044 6780 206040 100000 
722 0.020909837200278225 0.960437123913608 2635 6260 206040 100000 
741 0.020984247449022164 0.9503422630299153 2720 6252 206040 100000 
793 0.017314371513454607 0.9602886077150856 2889 6546 206040 100000 
803 0.020356058381566206 0.9553683726998492 2938 6845 206040 100000 
766 0.01272987556561786 0.9701226635387761 2827 7092 206040 100000 
694 0.01650468608839667 0.9676815717312643 2558 5751 206040 100000 
699 0.012281562875133656 0.9717008545788844 2576 6170 206040 100000 
743 0.014100715956827548 0.9707878528383951 2728 6113 206040 100000 
876 0.014446738992525326 0.9669634759111656 3206 8436 206040 100000 
828 0.009484400649477587 0.9709627693879456 3034 6848 206040 100000 
742 0.016259257705685537 0.9684649208489169 2714 7154 206040 100000 
763 0.013114526734532173 0.9731328914204602 2810 6221 206040 100000 
746 0.01311630421561577 0.9681701284180205 2767 6956 206040 100000 
588 0.019917299008658268 0.9753993548770243 2170 5374 206040 100000 
582 0.016194209728477515 0.9704752664534234 2140 4918 206040 100000 
623 0.013779350715494076 0.9705569117355439 2292 5122 206040 100000 
643 0.012395157647990096 0.9710102006015497 2389 5229 206040 100000 
645 0.017167670327383477 0.9719891401253996 2379 5681 206040 100000 
651 0.014598505732938333 0.9695680143751786 2399 5537 206040 100000 
599 0.015114076664922454 0.966837943536984 2214 4704 206040 100000 
656 0.014638115958624381 0.9641398353907604 2418 5140 206040 100000 
680 0.01369063034459328 0.9605586886279389 2520 6101 206040 100000 
548 0.015573286052009444 0.9752581639491478 2032 5069 206040 100000 
646 0.014400958241465589 0.9732625427070669 2389 5379 206040 100000 
633 0.01065148167748406 0.9788003802431345 2357 5359 206040 100000 
582 0.012155632063854338 0.9751472176003073 2164 4589 206040 100000 
785 0.010071678556540259 0.9793281520479067 2900 7615 206040 100000 
545 0.01422303684616269 0.9739191633817208 2008 4803 206040 100000 
566 0.01209335933586475 0.9772230937440533 2092 4929 206040 100000 
601 0.011862112293665822 0.9746740138192149 2223 4772 206040 100000 
672 0.011458148366660731 0.9759357045439241 2506 6115 206040 100000 
530 0.01907756119825446 0.9755054184917357 1969 4738 206040 100000 
578 0.013872324229767946 0.9693436504676738 2145 4654 206040 100000 
538 0.010758031689739794 0.9722724679858434 1995 4659 206040 100000 
541 0.006975137614600807 0.9679753760555553 2034 4449 206040 100000 
577 0.015041595686720227 0.973018936914983 2139 5211 206040 100000 
588 0.012461773154749028 0.9668459481556357 2190 5429 206040 100000 
635 0.011301269105947281 0.9683844769428902 2364 5629 206040 100000 
536 0.016066905731084824 0.9635903980244334 1986 4433 206040 100000 
558 0.015113729617140526 0.9649821962740904 2073 5160 206040 100000 
558 0.013915853111792054 0.9778073446587705 2078 5179 206040 100000 
525 0.013279314616019805 0.9780069293251634 1954 4215 206040 100000 
551 0.011465112880260225 0.9787978863926756 2041 4627 206040 100000 
518 0.008924683850161957 0.9792496096571811 1941 4735 206040 100000 
493 0.0092964141469557 0.979709497650346 1851 4126 206040 100000 
521 0.013391613333981811 0.9731538032051839 1944 4539 206040 100000 
510 0.009751979672276034 0.9727504776778636 1901 4543 206040 100000 
552 0.012117118863884113 0.9790367768497477 2053 4877 206040 100000 
535 0.008231848416926035 0.9729267391590766 2001 4851 206040 100000 
538 0.013992698376363799 0.9768788949525665 2002 4726 206040 100000 
478 0.012218392877072964 0.974846535875044 1786 4306 206040 100000 
488 0.010074894929716138 0.9768556666916641 1829 3946 206040 100000 
480 0.007857442348008392 0.9822390744322703 1800 4092 206040 100000 
523 0.012737527443409807 0.9732743818999742 1951 4586 206040 100000 
487 0.013716744355014826 0.9742741287638681 1820 4112 206040 100000 
456 0.012284295468653006 0.9664087327451628 1702 3856 206040 100000 
486 0.01754260420234613 0.9751524517851482 1796 3932 206040 100000 
465 0.008602150537634412 0.9626509071290938 1746 4234 206040 100000 
493 0.013709081458493477 0.9759192195302475 1843 4638 206040 100000 
560 0.00994185868906236 0.9806314320143007 2091 4923 206040 100000 
485 0.013013356505893553 0.9789399213478923 1812 3976 206040 100000 
478 0.00820694386599663 0.9788087383252166 1795 3829 206040 100000 
439 0.01080339421065954 0.9754106882457402 1636 3762 206040 100000 
541 0.012394681131999208 0.979051960685979 2034 4624 206040 100000 
510 0.009801366490182872 0.974388831427985 1906 4043 206040 100000 
522 0.00952850395041066 0.976917974449037 1949 4359 206040 100000 
531 0.00796649073494815 0.9770169810404143 2005 4841 206040 100000 
479 0.01469044158423019 0.9758393824849249 1788 4491 206040 100000 
455 0.007532690772914241 0.968991475246666 1709 3582 206040 100000 
479 0.014434135252726604 0.9748488586200593 1795 3959 206040 100000 
477 0.011334311524626994 0.9731968504305667 1799 4127 206040 100000 
414 0.018282845971658773 0.9688266531470102 1539 3559 206040 100000 
475 0.016950984247905726 0.9745925369445971 1783 4090 206040 100000 
440 0.011255843063623372 0.96661346354326 1652 3309 206040 100000 
445 0.01262562861387062 0.9660594461440636 1650 3705 206040 100000 
470 0.0147216253828506 0.9744176036871537 1758 4291 206040 100000 
442 0.014900834733236973 0.9781750905735734 1649 3778 206040 100000 
471 0.005999812780098535 0.9772349736199099 1766 3978 206040 100000 
474 0.011519133046969304 0.980464009683681 1778 4162 206040 100000 
482 0.009028939014684878 0.9778269108183878 1821 4037 206040 100000 
424 0.010086937888082848 0.9821054386776022 1591 3867 206040 100000 
433 0.012411686732169941 0.9751328291430126 1617 3480 206040 100000 
462 0.008481170245876135 0.9793298097323131 1748 3610 206040 100000 
415 0.015411578563576805 0.9799621902645461 1542 3360 206040 100000 
461 0.010732516740545123 0.9754318636382255 1729 4022 206040 100000 
410 0.016570191906549847 0.9784940500487971 1535 3633 206040 100000 
477 0.008064516129032251 0.9741424657617378 1788 3874 206040 100000 
456 0.01788736221083681 0.9809678687964782 1697 4058 206040 100000 
375 0.007550335570469802 0.9824905593314925 1411 2948 206040 100000 
420 0.007611114660533269 0.9734572868130671 1589 3500 206040 100000 
484 0.014703554886310255 0.9798160904000539 1813 4211 206040 100000 
477 0.008951406649616356 0.9677713895325235 1805 3919 206040 100000 
432 0.011714654788602952 0.9718826324832947 1620 3564 206040 100000 
449 0.01432048696803706 0.9717274379535696 1680 3939 206040 100000 
426 0.00946259410506431 0.9731465447139374 1601 3456 206040 100000 
486 0.009640102827763508 0.9831000147117264 1829 3967 206040 100000 
455 0.014044943820224726 0.9852144931176305 1694 3831 206040 100000 
347 0.009719549941442196 0.9748787943705255 1305 2762 206040 100000 
437 0.013623728765154358 0.9829998978215302 1641 3710 206040 100000 
469 0.011165420297773426 0.9746880785469274 1753 3921 206040 100000 
457 0.006811989100817428 0.9764552038935164 1725 3636 206040 100000 
423 0.010327197633372892 0.9785956537543976 1585 2998 206040 100000 
414 0.009230769230769237 0.9693569718464032 1550 3384 206040 100000 
383 0.01617561733135378 0.9730746657817906 1433 3483 206040 100000 
423 0.012513467511183207 0.9676741113611872 1575 3519 206040 100000 
442 0.016625605703722485 0.968787977198809 1645 3727 206040 100000 
435 0.011699638962570008 0.9732433376516993 1636 3657 206040 100000 
441 0.012125112602118487 0.9718242324273723 1662 3588 206040 100000 
418 0.017642088743462042 0.9740854566745094 1560 3771 206040 100000 
422 0.015254546726655493 0.9658429003866267 1576 3273 206040 100000 
436 0.019839234681828605 0.9686592561942191 1616 3407 206040 100000 
431 0.014116581447525867 0.9697443831667425 1605 3996 206040 100000 
368 0.013702032243415097 0.9794189645979299 1375 3033 206040 100000 
362 0.013146123749041505 0.9761160604462704 1349 3155 206040 100000 
461 0.012816070350423897 0.9756969022183729 1722 3448 206040 100000 
428 0.010141703174602362 0.9785406518022294 1612 3458 206040 100000 
414 0.01026580746121028 0.9823871185787512 1553 3425 206040 100000 
417 0.01288036572195922 0.9814168959893237 1559 3723 206040 100000 
404 0.008292153052950446 0.9744171060072646 1524 3282 206040 100000 
443 0.006836885552756633 0.974385446528497 1674 3468 206040 100000 
395 0.010641131180088137 0.9764850495323315 1483 3321 206040 100000 
364 0.012813127732482554 0.9727658280048787 1355 2767 206040 100000 
340 0.011198113526869835 0.9800100056646438 1268 2686 206040 100000 
364 0.011801708217913182 0.9813652934852694 1363 2929 206040 100000 
370 0.008165118908598862 0.9756736776996363 1391 2775 206040 100000 
410 0.009146341463414642 0.9799271530700171 1543 3450 206040 100000 
376 0.01684834984043304 0.9729026173882193 1407 3340 206040 100000 
402 0.011867088607594944 0.97346702871063 1504 3193 206040 100000 
375 0.00977800327565334 0.978109455930356 1412 2883 206040 100000 
374 0.00717023172905526 0.9656143086940959 1408 3147 206040 100000 
340 0.014097744360902248 0.9780424499999846 1270 2726 206040 100000 
398 0.012326356507424197 0.9787633808402254 1486 3123 206040 100000 
428 0.016201376575518733 0.9824080238480377 1600 3689 206040 100000 
454 0.010573443056637766 0.9837781296567503 1714 3633 206040 100000 
373 0.010204081632653073 0.9809067025620872 1399 3122 206040 100000 
443 0.01350098686410095 0.9811615854056734 1662 3759 206040 100000 
450 0.011208771064841166 0.9790104182067942 1680 3981 206040 100000 
379 0.00882629727352685 0.9809694463687457 1422 3072 206040 100000 
416 0.011398176291793322 0.9796182096258137 1557 3668 206040 100000 
374 0.011627906976744179 0.9806152740060604 1408 3228 206040 100000 
359 0.010182661670106813 0.9748805875878315 1341 2811 206040 100000 
402 0.017897594036188458 0.9742686170543535 1494 3408 206040 100000 
363 0.00842640320733104 0.9776778155807457 1367 2698 206040 100000 
362 0.017547184844381974 0.9761513666902405 1349 2921 206040 100000 
380 0.02063570947319862 0.9742380558472712 1409 3139 206040 100000 
340 0.01143532545663084 0.9653489118598015 1276 2829 206040 100000 
406 0.017627647718443468 0.9666762625528993 1513 3166 206040 100000 
410 0.013792504659879579 0.9681801094497693 1532 3458 206040 100000 
