502 0.07300299478349187 0.7960307003702545 1570 5052 
551 0.06451826699303717 0.810964167796931 1750 6140 
414 0.05262038660878518 0.7960423434732797 1334 4089 
369 0.0744232759207494 0.8216164886713547 1161 3987 
439 0.06260736590335711 0.8132979843366414 1395 4407 
466 0.06125867529631149 0.8178161901150669 1507 4663 
338 0.07374020198313219 0.8086215890561511 1067 3279 
949 0.04608133571012393 0.8207943204965064 3172 9407 
806 0.04833992248960256 0.8211811808614186 2721 8200 
911 0.04239195836805096 0.8343130881883716 3024 7618 
857 0.05443929844357842 0.8238677199255047 2860 8262 
745 0.05411857642884682 0.8158632940302151 2448 6933 
823 0.053744839380984705 0.8284671483254572 2755 8209 
876 0.05986549398906274 0.8228679029164441 2891 7545 
1124 0.04693305749766574 0.8431030868399976 3752 11212 
1153 0.030356463000597883 0.8501170934579247 3878 12626 
1137 0.039889531684463186 0.83894943193076 3879 10158 
1179 0.046525818135308344 0.8367589885786615 3896 10635 
1230 0.03958731311448424 0.8510166984707381 4110 11373 
1103 0.04181715058618826 0.8305461790156091 3776 10272 
1018 0.032727468156704326 0.8469418420831553 3377 9867 
548 0.05407363991634634 0.8089339789773676 1802 5703 
592 0.05955657130194972 0.8280701769496123 1954 6142 
773 0.0507283725835776 0.8302341579534027 2526 7457 
656 0.06568164341984986 0.8235303566527846 2111 6134 
664 0.04416381655227153 0.8313823569522599 2220 7021 
762 0.04712763865313832 0.8347843321489189 2554 8266 
672 0.058595686669654284 0.8184369729581391 2162 6514 
494 0.04472074815755661 0.8256336769060761 1649 5659 
682 0.04265620314477067 0.8445351774887251 2276 7045 
599 0.04029714686847996 0.8346948583800742 2022 6428 
277 0.0860302715983566 0.7843780758857372 818 3506 
288 0.054837743670206524 0.7908571438947327 894 3104 
285 0.04595650466046575 0.8061820223028611 886 2903 
314 0.058503584707280676 0.8135130495267784 984 3895 
348 0.06336435358264023 0.8093700932738013 1060 2983 
245 0.05228387071639776 0.8039646947340031 777 2730 
296 0.07645504675207648 0.791366370863785 902 3113 
