0 20604 0.7366177734631388 0.12722349922428194 0.1134837467992095 0.02392683048882725 100000 1 523 97.58534726074402 1
0 20604 0.723584422790296 0.012045041819673195 0.09800059875074958 0.0072768828272516 100000 2 568 54.9540717326751 1
0 20604 0.663536881284404 0.012514169291997624 0.12451010367695828 0.012176083517185769 100000 4 553 54.63927159104521 1
0 20604 0.5875514305166052 0.014234613096753031 0.14664200318655884 0.01098759401688562 100000 8 586 59.608724193695004 1
0 51510 0.8477337134036299 0.014809777708188695 0.06312746687565685 0.011906129624606373 100000 1 576 43.103364137848914 1
0 51510 0.8584165481898504 0.008448952704410147 0.046633212624530615 0.0052845720843668524 100000 2 582 47.877447718106275 1
0 51510 0.8443585014346956 0.008166699688287572 0.06307115893294282 0.009985655251102114 100000 4 582 41.63592199051199 1
0 51510 0.801238220736559 0.008932657633443815 0.06520779601100117 0.007206763234516259 100000 8 607 57.447802394869726 1
0 103020 0.8500148672398122 0.10357588541301747 0.04545376028737823 0.0095398786109068 100000 1 586 68.74481798652172 1
0 103020 0.9098657087370083 0.00719094096096468 0.028722198252068575 0.0050867544096379665 100000 2 617 43.88222874923287 1
0 103020 0.9123375401426983 0.007240172984558312 0.03971900447546576 0.005503579479231727 100000 4 599 54.595787383277106 1
0 103020 0.8911532512831377 0.008432713741479213 0.035179266523926424 0.005471979173477127 100000 8 639 67.29301598234396 1
0 154530 0.8944155864536448 0.011403146111871133 0.03694094923559743 0.005655325498600716 100000 1 605 50.4465063210526 1
0 154530 0.928437619199839 0.005764463277172505 0.02281222242327744 0.0027418792396194424 100000 2 611 50.25684033044656 1
0 154530 0.9364480759232112 0.0038491125783778743 0.026087960497784363 0.003951387208159487 100000 4 616 35.57738045444043 1
0 154530 0.928203617030017 0.00508135706238704 0.025922426307663376 0.004082630976379734 100000 8 636 82.83386988424482 1
0 206040 0.8657495848256598 0.14774981844202897 0.03251402645716082 0.008204693609695227 100000 1 583 107.43695825925082 1
0 206040 0.9363098808557089 0.004967409176248899 0.018524818858334794 0.0035523847040509083 100000 2 638 42.362719459449245 1
0 206040 0.9232486859691491 0.103492633855327 0.023646286177519828 0.006859501016606295 100000 4 585 82.08501690320834 1
0 206040 0.9389728671634613 0.005740379254151928 0.01871606367701669 0.0037112131339443626 100000 8 679 79.93653732805794 1
1 20604 0.8067272723057235 0.011886944569517523 0.10326531678312907 0.020366820115762616 100000 1 569 43.514365444069156 1
1 20604 0.8353812116481775 0.010069373598541353 0.04115592674199882 0.006014848795279945 100000 2 589 39.49873415693217 1
1 20604 0.7605523939204375 0.033162873965962625 0.09505130186810341 0.03794629901774524 100000 4 559 33.93965232585626 1
1 20604 0.7833200069616623 0.013920751686574829 0.03610266440959567 0.005131969165278978 100000 8 633 79.86582498165282 1
1 51510 0.8682160450015903 0.008849718007980938 0.0624849850793462 0.009397076149411765 100000 1 599 35.13829819442029 1
1 51510 0.9058651900922886 0.0065479275481713515 0.021532966192463608 0.0036454560674692212 100000 2 604 46.82200337448196 1
1 51510 0.8759943007154236 0.01276074850338255 0.05542429674622247 0.01757665823771549 100000 4 593 54.35945180003198 1
1 51510 0.8900252087892511 0.008126341956895414 0.017167140873837507 0.003076403054255516 100000 8 653 70.43649622177412 1
1 103020 0.8409212101147906 0.15236576431875823 0.04270866114174006 0.012023403535247675 100000 1 563 98.54186927392843 1
1 103020 0.9338962897537965 0.004622291925563664 0.017266342704808382 0.003685505521641838 100000 2 615 45.89825704751761 1
1 103020 0.9357456341507435 0.0074079974709374465 0.02404480262904864 0.005219201295449395 100000 4 595 50.68727650998818 1
1 103020 0.9403415732114186 0.006214257140301125 0.012208092712093405 0.0031481926485770733 100000 8 658 61.945540598173814 1
1 154530 0.8995376820254449 0.012232304852711047 0.0354422674675751 0.006959372685364417 100000 1 620 54.665345512490816 1
1 154530 0.9453325535534948 0.004745706601356966 0.014280767544402061 0.002348313176877966 100000 2 634 52.44234929901596 1
1 154530 0.9509768942156654 0.005881070644454143 0.022316472799076004 0.0067300829895861536 100000 4 628 54.50458696293368 1
1 154530 0.9593757865494998 0.002520059457640364 0.008019952377164498 0.0016678841698976672 100000 8 670 56.949539067493774 1
1 206040 0.8986578471092124 0.01258071257049622 0.03359949329532767 0.006226333638309598 100000 1 610 45.31445685429762 1
1 206040 0.9489238014121735 0.005614470313373563 0.013616043966170999 0.0026180344014813473 100000 2 646 61.028272136772806 1
1 206040 0.9562622184674101 0.0046715401519537595 0.02032176475423374 0.0040301462278129275 100000 4 635 52.91171892879686 1
1 206040 0.9657900476385493 0.004171718173632362 0.007247402257442632 0.002159256603589827 100000 8 633 59.51974462310805 1
