0 20604 0.7504351756920543 0.023884378645337878 0.09999134606178402 0.0035630953296931084 100000 1 466 26.0 0
0 20604 0.7238722368993089 0.007563491984509008 0.09261004754645628 9.413177144767387E-4 100000 2 537 19.50640920313116 0
0 20604 0.676505003419072 0.002751187795723087 0.12037730027859664 0.004451455030281687 100000 4 605 2.5495097567963922 0
0 20604 0.5887873455636123 0.005547041155668508 0.16095431938935958 0.01497713623545649 100000 8 560 20.0 0
0 51510 0.8423428220913417 0.012232241068858007 0.04909651164723229 6.320777849263132E-4 100000 1 553 9.0 0
0 51510 0.849983579034399 0.006647872168146551 0.03535731923599747 0.004606002545092885 100000 2 644 23.50531854708632 0
0 51510 0.8427845477212881 0.0015488692292425776 0.049703901757848015 0.002077297297018235 100000 4 600 22.0 0
0 51510 0.7984587226623948 0.00798241142972611 0.055737557710555025 0.003901876435442736 100000 8 638 18.506755523321747 0
0 103020 0.8767703982597328 0.018072248692801496 0.03342397356648387 0.002933957904263859 100000 1 625 34.0 0
0 103020 0.9069900184243173 0.005424197635073624 0.026252052610371487 0.005199871570299178 100000 2 605 9.0 0
0 20604 0.7410790939256509 0.013048010866014205 0.08555540998815249 0.002894609173465082 100000 1 567 26.0 1
0 20604 0.7225926899448605 0.00793332646149214 0.09403213794591747 0.0018935826749251206 100000 2 552 19.0 1
0 20604 0.6558753415567022 0.007891231455683989 0.12831633619644572 0.01099917283364292 100000 4 545 48.0 1
0 20604 0.581962233380966 0.0029853026995039778 0.15743508926487088 0.013255717936468722 100000 8 532 50.502475186865844 1
0 51510 0.8470634927577921 0.009792533903641432 0.04118144402944625 0.0014026732767730837 100000 1 588 34.50362299817223 1
0 51510 0.8574802318980239 0.012339608354658138 0.043076446394046244 0.002411977717761485 100000 2 554 59.0 1
0 51510 0.8394580307145494 0.006358816067298323 0.04644494374161634 0.0027707520586625622 100000 4 649 15.0 1
0 51510 0.8033722455942371 0.008187847277294547 0.06800747983205724 0.0109571690317464 100000 8 531 37.50333318519835 1
0 103020 0.8705360981423012 0.014524512589289718 0.03127334150090108 0.003253133134116959 100000 1 626 53.0 1
0 103020 0.9023606744079746 0.007144864493594583 0.031326024211332196 0.00369987127435982 100000 2 594 0.7071067811865476 1
0 103020 0.9125628473360983 0.005362590978599757 0.02583111656606603 5.343515436682517E-4 100000 4 585 32.0 1
0 103020 0.8891777127809775 0.0026680551362256444 0.04041596378073095 0.006520505946811056 100000 8 539 1.0 1
0 154530 0.8848308511923838 0.017410276703640593 0.025610617103983754 6.357651549270399E-4 100000 1 608 4.527692569068709 1
0 154530 0.9196650675833431 0.009462242937278431 0.023195241448037793 0.003814381872927722 100000 2 639 19.50640920313116 1
0 154530 0.936010900927845 0.00247441617903138 0.02221337278941027 6.331186944598111E-4 100000 4 574 17.507141400011598 1
0 154530 0.9219801844331472 0.0043651244271175615 0.022842322868405568 1.4505776791531866E-4 100000 8 603 1.5811388300841898 1
0 206040 0.8863816827916453 0.009922777913356162 0.02136712756857964 0.00345789897400417 100000 1 579 112.0 1
0 206040 0.9303825355086972 0.010476810952886273 0.023605807194906 4.11896902577355E-4 100000 2 685 7.516648189186454 1
0 206040 0.9420530447715877 8.685725685727563E-4 0.019678625003363273 0.0031876291222245196 100000 4 569 15.508062419270823 1
0 206040 0.9406238111117222 0.00733552331566506 0.019549434389256035 0.0035863388064665963 100000 8 625 32.50384592629001 1
1 20604 0.8358296947915023 0.005787791163214873 0.03691359150466118 0.004240438255511861 100000 1 628 51.0 1
1 20604 0.8273068806889832 0.0040496987240020155 0.052098021492328714 0.0075397573391620815 100000 2 559 43.0 1
1 20604 0.8196105067341012 0.0022433207035433833 0.0381949660673198 0.004670169191873311 100000 4 745 109.50114154656106 1
1 20604 0.7891775892393323 0.00422368434109599 0.04982180383324092 0.005233095018772921 100000 8 677 18.0 1
1 51510 0.883463317041679 0.012697353229505937 0.026636848431245863 3.5088061477051014E-4 100000 1 687 10.0 1
1 51510 0.9028821851819384 0.008775782400331833 0.0275859468751649 0.005296816229376292 100000 2 622 32.50384592629001 1
1 51510 0.9072430123538784 0.0028828082584809733 0.024866134160148004 8.653097055563858E-4 100000 4 601 12.0 1
1 51510 0.8680366256611609 0.005333240775538761 0.03663078722306638 2.3043428927883858E-4 100000 8 560 8.0 1
1 103020 0.8910665757320562 0.01601024975127574 0.0248046285635838 0.00509695873800349 100000 1 692 106.0 1
1 103020 0.9251761936922078 0.01049842980605159 0.02291698324324591 0.0012673120100851892 100000 2 538 32.0 1
1 103020 0.9458755969337225 0.0021790814416814963 0.014754263584055516 0.0037808174221381774 100000 4 590 46.0 1
1 103020 0.9195531548864055 0.006964783094516758 0.026754170752956163 0.004564508339222284 100000 8 609 3.5355339059327378 1
1 154530 0.9052797773781405 0.01235960534347419 0.019424548496251193 8.164812088416185E-4 100000 1 621 4.527692569068709 1
1 154530 0.942660496141039 0.009082530365674024 0.01950175062468465 0.0012535265771023985 100000 2 600 37.50333318519835 1
1 154530 0.9612946954050838 7.89169900607789E-4 0.0076445530434511855 5.211959638819763E-4 100000 4 543 6.0 1
1 154530 0.9561108694598713 0.004290971111458375 0.012509664164062836 0.0012229436351406803 100000 8 627 15.508062419270823 1
1 206040 0.8963776179232197 0.014159202254752756 0.021895363182091995 1.2820466485231885E-4 100000 1 565 30.0 1
1 206040 0.9397898992123369 0.007621657689152683 0.021801933642931204 0.0029046929817311273 100000 2 529 10.51189802081432 1
1 206040 0.9643389644373337 0.004640412624426216 0.013679505885633367 3.989642141498245E-4 100000 4 638 8.514693182963201 1
1 206040 0.9612355336410265 2.1554454935940326E-4 0.010935719513490524 0.0014183887965001224 100000 8 596 7.0 1
