0 10302 0.6050088098923496 0.020410358573372346 0.21152960855453196 0.016880468597016026 100000 2 310 42.95229912356264 0
0 20604 0.6408305614769818 0.053352651793522714 0.16487409077462917 0.022224996992975463 100000 2 329 35.66510900025401 0
0 30906 0.6694761976427168 0.023917392565280193 0.1362173049458461 0.011889251051582438 100000 2 356 52.15409859253633 0
0 41208 0.7052054573940131 0.018938622783071315 0.11521721010756832 0.010435043950371951 100000 2 358 38.787884706438945 0
0 51510 0.7485453502154158 0.015641442379653557 0.0947874049666766 0.009721435494448953 100000 2 379 34.87477598494362 0
0 61812 0.7740652807522627 0.015882795446592858 0.08919232904184451 0.010497310481021968 100000 2 347 36.089472149090795 0
0 72114 0.8057516427006208 0.009209546244534001 0.07301700004563483 0.00560713895795544 100000 2 385 51.27231221624396 0
0 103020 0.857413099380971 0.010594191773144232 0.04878492456691249 0.008207200841221719 100000 2 383 35.91308953571107 0
0 10302 0.23974609505538752 0.01098281693803244 0.35326545558136424 0.018199893098844955 100000 2 283 34.40348819523974 1
0 20604 0.4498926725948927 0.02077670282321631 0.21915309967266827 0.011099048137909987 100000 2 315 42.08503296897842 1
0 30906 0.5790291320089133 0.021023137822134306 0.16080059462849647 0.013355934660849304 100000 2 341 40.93836831140196 1
0 41208 0.6495714001351359 0.017936572465768196 0.12773584750344283 0.007960833496636845 100000 2 351 33.53878351997878 1
0 51510 0.7052206115108796 0.01279830896433359 0.1004119731678141 0.01052495213543941 100000 2 348 30.401480227120523 1
0 61812 0.743256551359553 0.017609499573047735 0.0955798435255947 0.01191395527164746 100000 2 359 28.116721003701695 1
0 72114 0.7858827173053295 0.015544836095569727 0.07878633369559365 0.008941243240989554 100000 2 376 35.94161932912873 1
0 103020 0.8388507883279003 0.010398668412592375 0.04986896815653878 0.00751727426138427 100000 2 372 51.981727558825895 1
1 10302 0.5287973034438106 0.022177913376207257 0.06907865334943884 0.008157279761453064 100000 2 382 40.395544308747716 0
1 20604 0.6558428310966667 0.014859551840632763 0.04515909441611625 0.007754371986996903 100000 2 393 43.80525082681299 0
1 30906 0.7342811282326318 0.01617368410566062 0.029672239724030925 0.0072103327776116485 100000 2 400 50.31699514080705 0
1 41208 0.7822769267366934 0.018298214858198318 0.024483900984336626 0.005870295637441363 100000 2 403 49.35078520145348 0
1 51510 0.8194735792919727 0.009068044929354046 0.016883961187339497 0.003957095746715255 100000 2 422 53.47242279904661 0
1 61812 0.8390324999938767 0.012891766589110083 0.016775132787741464 0.005345805325571047 100000 2 396 53.50467269313962 0
1 72114 0.8680667324757421 0.011988903853654271 0.011805422247838284 0.004578185831606504 100000 2 377 36.085315572958486 0
1 103020 0.90068152321555 0.011982004997497674 0.009737367219847928 0.002645735225903158 100000 2 405 36.37375427420161 0
1 10302 0.5180845216907157 0.016441253692905652 0.06976927663466878 0.012818813727987627 100000 2 369 40.73143748997818 1
1 20604 0.6465822583898234 0.019234120981494924 0.048222954858207795 0.008012505908487979 100000 2 383 47.53787963298321 1
1 30906 0.7257173331354658 0.016786100158697498 0.03254513966934883 0.00669650121204423 100000 2 393 48.61172698022567 1
1 41208 0.7786357626302152 0.017124055226273548 0.030981166727819143 0.008117716963650243 100000 2 396 56.04997769847906 1
1 51510 0.8167749500158099 0.010113345692322617 0.015884803078127188 0.004863403537541898 100000 2 400 37.038493489881574 1
1 61812 0.8360247837530975 0.009616922078361734 0.015501700964582277 0.005056723646364109 100000 2 392 42.132529000761394 1
1 72114 0.8619006289244933 0.008455953298386063 0.012070673359978199 0.00297785964640316 100000 2 397 51.97258892916535 1
1 103020 0.8967788860995046 0.009469862211084071 0.009878171254361415 0.003416829070892627 100000 2 397 41.8568990729127 1
0 20604 0.782490513749756 0.01197634222545346 0.10877432917948668 0.009594351568606427 100000 1 363 40.80563686551161 0
0 20604 0.7467973114441054 0.011281205448514114 0.11643099292906349 0.010922519997693303 100000 2 358 38.91208038643013 0
0 41208 0.8544606704137735 0.006711899003111553 0.06983987193453443 0.006921203933521254 100000 1 378 41.613098899264884 0
0 41208 0.8475799516920504 0.006860902484523993 0.06751821469666239 0.007944524493830213 100000 2 385 34.67059272640143 0
0 61812 0.8838074379955392 0.008616346217968507 0.05514739735963068 0.006197275634317402 100000 1 381 42.368620463734715 0
0 61812 0.8879120559498839 0.008021753054362878 0.05258525285716126 0.007364642102837914 100000 2 387 28.781070167733514 0
0 82416 0.8977845603003731 0.005114996370706817 0.04546108553474811 0.005511790423904878 100000 1 398 46.25472948791291 0
0 82416 0.9101338893146611 0.00536098683082448 0.04180181079473404 0.0063483583807942764 100000 2 414 43.23887140062747 0
0 103020 0.906124177802918 0.005387222714831051 0.04148196759761134 0.004870264571999792 100000 1 390 40.31438949060249 0
0 103020 0.9240460962548431 0.007021153375591392 0.03839159007757857 0.007339504763391249 100000 2 392 53.2325088644148 0
0 123624 0.9080597951013214 0.005374464563323524 0.04007087557124919 0.006561761286673983 100000 1 391 45.85684245562487 0
0 123624 0.9284835706457212 0.006706843842742078 0.03519390286769304 0.0067614010937687 100000 2 394 40.25419232825322 0
0 144228 0.9116100471995189 0.004454796357602484 0.03885966769477609 0.005277017167358424 100000 1 399 34.53621287865825 0
0 144228 0.9338064768965484 0.006758396730718239 0.03432019108545037 0.003792948378992591 100000 2 389 48.1892104106303 0
0 206040 0.920192502014881 0.005373085491604296 0.034283486862054104 0.0061645794013920575 100000 1 399 34.54417461743731 0
0 206040 0.9471286252201594 0.0035862117081405997 0.02659795517232306 0.004644173427525033 100000 2 412 47.87588119293471 0
