0 20604 0.6968304921411146 0.011324190570733753 0.14902472565235142 0.012377049902203093 100000 2 554 43.486779600241725 0
0 41208 0.7698171172005072 0.028090672595549808 0.1037323829748159 0.010692603175809062 100000 2 566 51.64300533470143 0
0 61812 0.7888406541825115 0.018529469664942632 0.08754441079881534 0.00864935818576581 100000 2 615 51.167372416413954 0
0 82416 0.8245126254779608 0.011384367986925326 0.07462699036684944 0.007485407374063305 100000 2 603 46.355150738618036 0
0 103020 0.8572767320578955 0.011102639719011076 0.055321370595533735 0.005592195668650558 100000 2 580 66.44095122738686 0
0 123624 0.8670977792966825 0.009567475013624753 0.05259182488274685 0.006620825258700243 100000 2 621 61.32943828211702 0
0 144228 0.8877332684284432 0.01088807651656509 0.0454556473208097 0.006405600058725558 100000 2 606 57.5265156254053 0
0 206040 0.9171001024124872 0.0076593769092007085 0.030817876652393956 0.005937430035395831 100000 2 645 56.14312068276932 0
0 20604 0.4406391941599576 0.012764097051946683 0.24165540214818973 0.01120353488047786 100000 2 493 75.11391349144311 1
0 41208 0.6541918219532205 0.013859819843317198 0.14096065411005712 0.010542546938132622 100000 2 545 53.19539453749732 1
0 61812 0.7441677248409437 0.013522236978141821 0.09826134121201886 0.007386494715753122 100000 2 578 55.94997765861931 1
0 82416 0.8024721212331644 0.007767053964896525 0.07908179255122527 0.007309887407553429 100000 2 609 47.60252094164762 1
0 103020 0.8386832774053914 0.010257769416671713 0.06045232730558164 0.006972369938644606 100000 2 595 67.3954746255266 1
0 123624 0.8570272567441005 0.011116847016043473 0.055531477131679885 0.00612213406514133 100000 2 612 51.90905508675726 1
0 144228 0.8796372782797034 0.01154404668660961 0.04752340725126531 0.008219151392682072 100000 2 589 33.194125986385 1
0 206040 0.9107896083428635 0.007369661260666335 0.032587846124733186 0.005668224485855529 100000 2 618 75.3319321403613 1
1 20604 0.6664496402158692 0.012259400630637381 0.04730604263384901 0.006983665490588498 100000 2 632 62.28242127599087 0
1 41208 0.7965874025870552 0.01154082394596463 0.02732497310463759 0.005526398851587047 100000 2 630 64.60727513213973 0
1 61812 0.8499819948462909 0.0120995778196917 0.018803435363076833 0.0034792942340929204 100000 2 640 70.33846742714829 0
1 82416 0.8780684473010932 0.011255089452268247 0.014952218739678808 0.004045246966743719 100000 2 628 30.843962131995948 0
1 103020 0.9041414403945325 0.00796570629689605 0.009935476115351406 0.0026426171095212123 100000 2 613 44.48988649120157 0
1 123624 0.9145413845168384 0.006395225120603861 0.00884463062353394 0.002219048815498986 100000 2 646 64.67031776634471 0
1 144228 0.9283259432663661 0.0071522153419975535 0.008520355404313736 0.002037380068764463 100000 2 649 52.02163011671203 0
1 206040 0.9457943558082491 0.005054207333175192 0.005926750600725446 0.0029386097585086053 100000 2 637 49.4064773081425 0
1 20604 0.6671819424705842 0.015174861645960474 0.04865602210213556 0.006507440363567083 100000 2 594 54.85480835806466 1
1 41208 0.7851997030355504 0.009266722120749362 0.027963679734170688 0.006420534517261345 100000 2 624 54.36313088849832 1
1 61812 0.8502513689676141 0.010454269199665895 0.017326458878942845 0.004189840514278971 100000 2 614 47.161424914860234 1
1 82416 0.8763995478056528 0.009959778204027433 0.014370954514983917 0.004084197760994127 100000 2 624 55.6066542780628 1
1 103020 0.9014427597534727 0.009093296972517217 0.01111847212632632 0.0026855295409059015 100000 2 652 89.118179963462 1
1 123624 0.9131803482220089 0.006189945427281857 0.00948443842826051 0.0032920658375810213 100000 2 637 48.05725751642513 1
1 144228 0.9272732350168219 0.008488933989859719 0.007999064637995395 0.0024109240542020513 100000 2 630 67.42403132415029 1
1 206040 0.9456175373887582 0.006307762079637028 0.00546981212785166 0.002226391816079848 100000 2 657 59.643105217619244 1
0 20604 0.7625060198075568 0.007084412169070591 0.14117780480778114 0.009396012671205602 100000 1 572 46.82947789587238 0
0 20604 0.7388317815363047 0.011232724782398562 0.1469864419045061 0.00978654116424541 100000 2 545 42.4976469936866 0
0 41208 0.8217845173084923 0.007347103586816471 0.09491722625418497 0.00646258390802753 100000 1 589 51.95238204355985 0
0 41208 0.8357497603049333 0.005339917049736351 0.08472973915280935 0.005585688335771485 100000 2 581 43.11960111132755 0
0 61812 0.8470408318301981 0.006495774242536069 0.07339577220925923 0.008835213122297132 100000 1 587 65.6060210651431 0
0 61812 0.8717166899058089 0.004530102416444869 0.06176184388959775 0.006556281246206648 100000 2 607 55.85158905528114 0
0 82416 0.8569729682654987 0.004948623530241843 0.06627851513955704 0.0065221913532875295 100000 1 600 73.28540100183665 0
0 82416 0.8922891154956979 0.0048391994020621455 0.05462219852967078 0.0059856282625945145 100000 2 633 47.21016839622583 0
0 103020 0.8629608341696027 0.005701108828066024 0.06142126326862359 0.006597563583311175 100000 1 601 63.35258479336104 0
0 103020 0.9019437995645163 0.004049028447031865 0.049072698085943126 0.005112825270397343 100000 2 610 48.926986418540025 0
0 123624 0.8676427599545912 0.005286760931874361 0.05552078425918774 0.006071062534419687 100000 1 610 52.052857750559674 0
0 123624 0.9093831363920477 0.005322654168268414 0.04297571278618955 0.004561743461610726 100000 2 641 71.87663041629038 0
0 144228 0.8704286551178765 0.004354637782291284 0.056693031021606645 0.005931740702581137 100000 1 604 62.12165483951631 0
0 144228 0.9119513342486535 0.005363385362435209 0.041956318864440664 0.004855474722095547 100000 2 614 48.499484533343235 0
0 206040 0.8785035818559773 0.005673904386534172 0.04977586686884299 0.005624770915925731 100000 1 616 42.62159077275272 0
0 206040 0.925315398392393 0.003887533431005337 0.03337615143196222 0.0038333391172427657 100000 2 641 44.22555822146285 0