0 20604 0.7590250827396221 0.006215825878843451 0.1416592799012929 0.005302181220204968 100000 2 365 19.0 0 2
0 41208 0.8380254038935431 0.005765682435415031 0.07538976845545983 0.003941165956472509 100000 2 403 7.0 0 2
0 61812 0.904319586948776 0.0065209169736542005 0.04364606944520508 0.004279959791842286 100000 2 412 66.50187967268293 0 2
0 82416 0.9212943253233723 0.0023284076707971724 0.030159995624034416 0.005191281006311985 100000 2 431 20.0 0 2
0 103020 0.9276023124118162 0.007535517481762455 0.025159514099949987 0.001364550071173004 100000 2 437 3.0 0 2
0 123624 0.9313923221849383 0.006825032328122149 0.025410806292895882 0.0034957421903317742 100000 2 419 78.50159234053791 0 2
0 144228 0.930055739265762 0.004700041850715986 0.028328503707673744 0.004660948744315982 100000 2 367 22.0 0 2
0 206040 0.9512324352539382 0.0012261668430274542 0.0208854714213544 0.0012302194025389651 100000 2 509 121.0 0 2
0 20604 0.7432934464077037 0.00329919455208022 0.11280108485190751 0.003736998897355376 100000 2 348 68.50182479321262 1 2
0 41208 0.84760766395838 0.009537705652696182 0.059014695587874644 0.0013990707215759401 100000 2 380 7.516648189186454 1 2
0 61812 0.8987961707575001 0.003940962437531947 0.03394220190907046 0.001156413372517734 100000 2 349 10.0 1 2
0 82416 0.9095855022131392 4.4847381295926025E-4 0.035665997516804715 0.003887768984012302 100000 2 407 33.0 1 2
0 103020 0.9327549966134725 0.003211803693218551 0.021879497300864012 0.0013414777054260446 100000 2 382 21.0 1 2
0 123624 0.9244303765382014 0.007196107196931034 0.023290095120821933 0.004733221567322407 100000 2 700 255.5004892363222 1 2
0 144228 0.9306114421808896 0.0061071669589216615 0.020697731291983795 0.0026158758867892984 100000 2 531 123.0 1 2
0 206040 0.9488675700708544 0.005944548275148176 0.011334691250147952 0.002313203732343297 100000 2 621 208.0 1 2
1 20604 0.8272353742317361 0.019824279224276875 0.05429414684059233 0.00194454532792665 100000 2 438 4.527692569068709 0 2
1 41208 0.9058954232422551 0.012011019402024259 0.015410051597543342 0.0017423494114039012 100000 2 531 54.502293529722216 0 2
1 61812 0.9424123194159496 3.933932362411019E-4 0.010548922649818396 4.269125278082847E-4 100000 2 572 52.502380898393554 0 2
1 82416 0.942523452100333 0.0017732722103403487 0.016715640000749543 0.0022374811030655972 100000 2 535 136.50091574784398 0 2
1 103020 0.9393590915191394 0.0031961676882788503 0.01802050629846781 8.37306711834726E-4 100000 2 417 59.50210080324896 0 2
1 123624 0.9537952371465993 2.261163520456133E-4 0.008721500272393767 1.6332769725560525E-4 100000 2 650 81.0 0 2
1 144228 0.9488586384150033 0.0018685047889007156 0.012326474467729179 1.523290793756099E-4 100000 2 455 46.0 0 2
1 206040 0.9573464636967013 0.0018519089495516727 0.006010269112144265 0.0014086281194714417 100000 2 612 184.50067750553112 0 2
1 20604 0.8140018052686352 0.016702519036781438 0.04943384948452005 0.017802108916253875 100000 2 377 14.0 1 2
1 41208 0.8967806480803122 5.941827149705259E-4 0.025281154669636013 0.00423386156413022 100000 2 444 26.504716561397142 1 2
1 61812 0.9237306432726525 0.0052152722734382095 0.010922408986954457 0.0025118265793712957 100000 2 395 48.5025772511111 1 2
1 82416 0.9423187230113595 0.009982522449721976 0.010210931403579468 6.053341507523541E-4 100000 2 720 232.500537633787 1 2
1 103020 0.9422383262697951 0.002254439479281223 0.010676243400322805 0.0023633349035907525 100000 2 463 28.0 1 2
1 123624 0.9549011118353293 3.956022501603318E-4 0.00794182382747255 9.32322611529035E-5 100000 2 481 80.0 1 2
1 144228 0.943968987466622 0.0016300673013310285 0.008891979645243783 0.0011773684823567637 100000 2 387 76.0 1 2
1 206040 0.9595344719655128 0.0033971725972749556 0.010330910165311263 0.0021800202710056116 100000 2 445 34.0 1 2
0 20604 0.7625060198075568 0.007084412169070591 0.14117780480778114 0.009396012671205602 100000 1 572 46.82947789587238 0 1
0 20604 0.7388317815363047 0.011232724782398562 0.1469864419045061 0.00978654116424541 100000 2 545 42.4976469936866 0 1
0 41208 0.8217845173084923 0.007347103586816471 0.09491722625418497 0.00646258390802753 100000 1 589 51.95238204355985 0 1
0 41208 0.8357497603049333 0.005339917049736351 0.08472973915280935 0.005585688335771485 100000 2 581 43.11960111132755 0 1
0 61812 0.8470408318301981 0.006495774242536069 0.07339577220925923 0.008835213122297132 100000 1 587 65.6060210651431 0 1
0 61812 0.8717166899058089 0.004530102416444869 0.06176184388959775 0.006556281246206648 100000 2 607 55.85158905528114 0 1
0 82416 0.8569729682654987 0.004948623530241843 0.06627851513955704 0.0065221913532875295 100000 1 600 73.28540100183665 0 1
0 82416 0.8922891154956979 0.0048391994020621455 0.05462219852967078 0.0059856282625945145 100000 2 633 47.21016839622583 0 1
0 103020 0.8629608341696027 0.005701108828066024 0.06142126326862359 0.006597563583311175 100000 1 601 63.35258479336104 0 1
0 103020 0.9019437995645163 0.004049028447031865 0.049072698085943126 0.005112825270397343 100000 2 610 48.926986418540025 0 1
0 123624 0.8676427599545912 0.005286760931874361 0.05552078425918774 0.006071062534419687 100000 1 610 52.052857750559674 0 1
0 123624 0.9093831363920477 0.005322654168268414 0.04297571278618955 0.004561743461610726 100000 2 641 71.87663041629038 0 1
0 144228 0.8704286551178765 0.004354637782291284 0.056693031021606645 0.005931740702581137 100000 1 604 62.12165483951631 0 1
0 144228 0.9119513342486535 0.005363385362435209 0.041956318864440664 0.004855474722095547 100000 2 614 48.499484533343235 0 1
0 206040 0.8785035818559773 0.005673904386534172 0.04977586686884299 0.005624770915925731 100000 1 616 42.62159077275272 0 1
0 206040 0.925315398392393 0.003887533431005337 0.03337615143196222 0.0038333391172427657 100000 2 641 44.22555822146285 0 1