0 2060 0.22808971810327594 0.011101002794854955 0.6269056748637313 0.01627140503912391 100000 1 235 22.747527338152604 0
0 2060 0.16327124445274466 0.008311681822818714 0.6319318097173263 0.019117035353005032 100000 2 220 20.248456731316587 0
0 2060 0.10645266471363876 0.005343593284436553 0.6463126071620579 0.012089315630578693 100000 4 216 20.63371028196335 0
0 2060 0.07651868706304249 0.005042714097759372 0.670076045125185 0.014516442903129487 100000 8 209 20.06987792688336 0
0 10302 0.6474051035066024 0.011081146125787979 0.23594594895894408 0.010811118558005544 100000 1 487 36.89512162874653 0
0 10302 0.5806315631919307 0.012100790506998024 0.2414220584323065 0.012340426252971758 100000 2 468 36.736902427940215 0
0 10302 0.48356091271489576 0.010660994648619297 0.2665982978054329 0.01392638267648176 100000 4 456 41.515057509294145 0
0 10302 0.3972224214012174 0.010638572186570298 0.29186953073399124 0.01279590174127534 100000 8 440 32.636635856043746 0
0 20604 0.7602150709077321 0.00921512790221402 0.14528582158356948 0.009454777458354787 100000 1 533 44.63798830592615 0
0 20604 0.7356156274091884 0.010433586101495999 0.1446429760288276 0.007256064533583306 100000 2 541 41.475293850676934 0
0 20604 0.679941805477766 0.012594029841312273 0.1520929749541789 0.007941369319916786 100000 4 537 44.37116180583961 0
0 20604 0.6042260973590364 0.013628689181852312 0.17601727080817944 0.01085516701560801 100000 8 515 38.50454518625041 0
0 51510 0.8398141094912596 0.005917235881209248 0.08076583706806284 0.006282717657436516 100000 1 589 50.02199516212843 0
0 51510 0.8591399394475676 0.006137126286103645 0.07200803199527087 0.005878164168498038 100000 2 581 48.40506171879135 0
0 51510 0.8464667210222048 0.007611634485199713 0.0712260071266444 0.007402709593199948 100000 4 593 53.88506286532475 0
0 51510 0.8072747823705212 0.010702053636576848 0.08242078340032108 0.008453210336197392 100000 8 568 38.883158307935844 0
0 103020 0.8609928049100348 0.00542018221292562 0.05907583756051871 0.00489043310568479 100000 1 586 52.06198229034311 0
0 103020 0.9029117059699715 0.005557083584914504 0.048504521116914986 0.0050203494513873185 100000 2 615 46.77766561084467 0
0 103020 0.9108127457150076 0.005354185802728243 0.044590649384641724 0.004557845691369389 100000 4 604 54.76860414507567 0
0 103020 0.8974709969247888 0.0070837928752922295 0.0464991847188392 0.006670202449991047 100000 8 583 51.024503917235684 0
0 154530 0.8723837940337955 0.0055785100736589965 0.052357216630208404 0.004976609127545051 100000 1 588 40.83564619300152 0
0 154530 0.9190915599938823 0.005118952078597863 0.037144237400320565 0.0037415425649121423 100000 2 592 49.38420800215389 0
0 154530 0.934617961364148 0.005183021225545348 0.03214737635812967 0.003755412177363365 100000 4 602 39.57461307454566 0
0 154530 0.9278831447112769 0.004075864227843278 0.032462894783406485 0.005313792778787782 100000 8 596 63.54132513569417 0
0 206040 0.8764016967110451 0.00502898504313933 0.048823939314770845 0.004185069642977252 100000 1 606 54.19963099505383 0
0 206040 0.9238416965432172 0.002924367752660418 0.03564312740922798 0.004979413011180985 100000 2 598 39.67996975805299 0
0 206040 0.9445884399237592 0.004779923093694741 0.028149289724250175 0.004234191346848473 100000 4 609 44.74594953736036 0
0 206040 0.9397894368411809 0.006122075693901287 0.028164132274313265 0.0045781011887941194 100000 8 613 55.614746245937326 0
0 2060 0.21010008221899573 0.019410390677015436 0.5421658630458751 0.050005554164195117 100000 1 288 47.014359508558655 1
0 2060 0.1465821310944612 0.015267544683730145 0.570214431802045 0.0398056975652027 100000 2 271 37.283374310810444 1
0 2060 0.10134625002074041 0.008990248346371712 0.6114007230391941 0.030572219341705002 100000 4 242 32.222662832236566 1
0 2060 0.07247544245051243 0.00637522936756619 0.6351768574650587 0.023489319889893615 100000 8 228 25.043961347997644 1
0 10302 0.6390336065713288 0.018027391441716663 0.19568497513476416 0.012487620873035232 100000 1 502 38.08871223866725 1
0 10302 0.5734571073570283 0.013980312826525223 0.22391813339699035 0.015002199193588998 100000 2 485 27.01943744788185 1
0 10302 0.4748624706165934 0.013852487272498007 0.24063386646228907 0.011805830276203416 100000 4 481 41.27105523245074 1
0 10302 0.39413328055771635 0.008857459034331088 0.2799510751588728 0.014528971235789764 100000 8 433 43.004650911267724 1
0 20604 0.7628081938944502 0.017236929024047935 0.1257888036466607 0.01126686232799345 100000 1 538 32.78337993557101 1
0 20604 0.7312105012987259 0.010665744066374681 0.12579059480800653 0.011986063787884397 100000 2 537 47.554705340271006 1
0 20604 0.6728044018262828 0.014170620725950073 0.1415892453989312 0.011210024677255216 100000 4 535 48.113407694737234 1
0 20604 0.5998515891229939 0.011470942581257183 0.16501862458922048 0.012022196257342124 100000 8 534 50.641879901915175 1
0 51510 0.8584897832045806 0.012344951600152209 0.059578158744446955 0.009177830846553063 100000 1 581 32.313309951164086 1
0 51510 0.861818670461594 0.0070352466906122065 0.060515928924515294 0.008230041932903208 100000 2 605 49.71267444022701 1
0 51510 0.8470583975956633 0.006641684025654633 0.06742965410824993 0.008540173320431011 100000 4 571 37.45263675630863 1
0 51510 0.8074867491922797 0.010906344095807204 0.07753329897585048 0.01020241276157911 100000 8 588 33.93670579181191 1
0 103020 0.8715223893158619 0.012331490900393921 0.05063412431002854 0.005661268336863928 100000 1 589 57.51695402227068 1
0 103020 0.9121055218880894 0.00431171216976329 0.03507875167527673 0.005518935534858957 100000 2 644 137.3768539456338 1
0 103020 0.9124404112740946 0.005677468633611598 0.038749926482649855 0.00497689639311427 100000 4 604 44.6894842216824 1
0 103020 0.8937288464427284 0.007082171400907643 0.04382252646507548 0.006622890154924226 100000 8 574 48.181427957253405 1
0 154530 0.8841529026119543 0.014552446809918858 0.04023200322288451 0.006737867531688625 100000 1 606 53.910574101932916 1
0 154530 0.9233215003501192 0.006695479558617448 0.03145282149460087 0.005038170702916932 100000 2 622 46.57574476055107 1
0 154530 0.9353904410804578 0.0040664209729937475 0.029648827813850465 0.005128120466634933 100000 4 607 34.44633507356044 1
0 154530 0.9279103274789305 0.005527800075648761 0.028512678289434056 0.005030542081063437 100000 8 594 49.553506434963815 1
0 206040 0.8869370032419995 0.013767670629451268 0.03547348234311097 0.005241080299772475 100000 1 604 56.90254827334186 1
0 206040 0.9282013537591383 0.007136707080217641 0.02862685724840507 0.004339065768760646 100000 2 632 36.01943919607855 1
0 206040 0.9467595044504213 0.005021690060630495 0.023357099991914796 0.003200985820972306 100000 4 605 50.9823498869952 1
0 206040 0.9397341985325761 0.005334862301722784 0.026199187862721934 0.004040878747035896 100000 8 588 40.72407150568322 1
1 2060 0.4584733125595285 0.09978637090854073 0.39717261507128315 0.08211537274020018 100000 1 404 173.53846835788312 0
1 2060 0.3556337644442311 0.05641083655473583 0.527987557969272 0.04140206218807212 100000 2 290 34.66987164671943 0
1 2060 0.3006122873873561 0.1156986677950281 0.5200617654484953 0.09004525856915663 100000 4 298 53.85907537267977 0
1 2060 0.2988921614629454 0.09751503184500535 0.4176930335635494 0.1039608067715182 100000 8 351 61.933028345140684 0
1 10302 0.7082332934340847 0.01853117276636345 0.19908669785910588 0.025090917449069397 100000 1 505 53.986109324529025 0
1 10302 0.6782770352057138 0.030165580698145827 0.16842465468901668 0.03487814328876918 100000 2 531 55.61744330693384 0
1 10302 0.6009216252125894 0.030750525844830512 0.20749316403731405 0.032954491116676525 100000 4 500 39.29312917037787 0
1 10302 0.5382977424935977 0.06897293385954564 0.19158658171863321 0.06678936442605765 100000 8 516 53.576580704632505 0
1 20604 0.7995724488813467 0.016406247561603842 0.10917777244862889 0.023783775000392818 100000 1 541 42.79661201543879 0
1 20604 0.7817261555476909 0.014029262591353552 0.11923494120225135 0.016626187503828865 100000 2 547 52.151701793901225 0
1 20604 0.7510795641172308 0.01955872188174493 0.12211650662372278 0.020445425989438094 100000 4 542 47.38512424801691 0
1 20604 0.6927264960477173 0.021385814332636185 0.1332182947871377 0.021295685846306946 100000 8 549 46.4580455895424 0
1 51510 0.8505262590132812 0.008138599791358099 0.07311571175095323 0.008585911058987946 100000 1 577 43.5637463953687 0
1 51510 0.8758375429970802 0.008867485600806487 0.06189745880825146 0.0067455063179033495 100000 2 580 42.4016509112558 0
1 51510 0.8752431308287942 0.011529053503729018 0.06025541372246741 0.009108137681270388 100000 4 585 51.08522291230606 0
1 51510 0.8462539602157524 0.012934362971907896 0.06833032559213369 0.013835730430071668 100000 8 600 47.709537830500935 0
1 103020 0.8715415444671029 0.0061135569779798135 0.055565801028800724 0.006296050789152643 100000 1 612 54.405422523862455 0
1 103020 0.9138098552593092 0.006404552294199483 0.04036432174828971 0.006578573038593448 100000 2 599 41.80370796950911 0
1 103020 0.9246662797572135 0.006505992961450331 0.035816219805654435 0.005184864195217679 100000 4 597 53.08107007210763 0
1 103020 0.9142063790498787 0.005980871264079911 0.036864909589524444 0.005236946376791051 100000 8 591 47.262035504197236 0
1 154530 0.8796312396170378 0.004681138137444362 0.046444909888194 0.0061567959239606585 100000 1 590 41.447557225969305 0
1 154530 0.9235296533613828 0.0046443339492854485 0.035086440056070284 0.004862539792533782 100000 2 605 66.11316056580566 0
1 154530 0.9454648990820885 0.004944793925371256 0.026606351359275797 0.00509712571410804 100000 4 599 49.20213410005708 0
1 154530 0.9409557639243078 0.006081886176892694 0.028187667037960024 0.005795358866773214 100000 8 607 58.05040912861855 0
1 206040 0.8806584048618303 0.004953249528137777 0.045331207859793256 0.0044033491999223235 100000 1 617 69.76030389842063 0
1 206040 0.9275836106789617 0.004061221704266623 0.031855946885913373 0.003103837379637584 100000 2 585 35.382905477080314 0
1 206040 0.9532479582863888 0.0037451212762514715 0.023969774274011323 0.003752159667511709 100000 4 615 64.63242220433952 0
1 206040 0.9522975194905591 0.005319957394657821 0.021159297290331287 0.004437527291006783 100000 8 608 57.030255128308866 0
1 2060 0.421607402410123 0.04956673679106418 0.4861081100840655 0.0806750783399702 100000 1 311 52.46093784903202 1
1 2060 0.34650096948449327 0.06064588090708122 0.4855134678360427 0.05885778338300882 100000 2 320 32.98711869806152 1
1 2060 0.33156079824056006 0.09701376191237525 0.5069008480795707 0.10327477411478925 100000 4 307 60.13484846576068 1
1 2060 0.27545257079443786 0.1081508318940256 0.5236241228606261 0.09806628182251945 100000 8 290 60.17806909497845 1
1 10302 0.7193953384430457 0.019919447075626047 0.17123623712101516 0.034193466170244734 100000 1 510 56.92011946579171 1
1 10302 0.6635808753465677 0.018393629817864424 0.19882742585881324 0.02748922968190045 100000 2 503 43.90216395577785 1
1 10302 0.5777071450917284 0.03316139912785745 0.20682928308500953 0.03820671980680899 100000 4 486 48.303726564313855 1
1 10302 0.5390359378066639 0.03809485227759522 0.21867611378294383 0.04809708674724963 100000 8 475 33.69347117766289 1
1 20604 0.8033176226202208 0.012352922853282985 0.11270082465075779 0.013854144733752752 100000 1 554 36.30771267926417 1
1 20604 0.7882618109913404 0.01508307917977026 0.10825284946281004 0.01516600737282673 100000 2 556 39.735374667920276 1
1 20604 0.7384556994204743 0.02157831596386871 0.1257004841222403 0.024075821613407315 100000 4 549 53.720573340201796 1
1 20604 0.679102272392452 0.03134162150093472 0.1395541896784676 0.022983569917083294 100000 8 519 39.33700547830249 1
1 51510 0.8658097926420704 0.016132909043071852 0.05186671886644515 0.01458896266032296 100000 1 566 42.923187206916495 1
1 51510 0.895758659827204 0.013837601733509773 0.03941245076926867 0.015348219866034024 100000 2 588 43.5826800460917 1
1 51510 0.8786796940369361 0.009130028710289298 0.058873169289441175 0.01139693266428865 100000 4 591 49.3462257928608 1
1 51510 0.8562457588362236 0.018036006530802767 0.0435694691033818 0.015731679654025128 100000 8 595 51.016663944244726 1
1 103020 0.9025015465150881 0.007712274750413843 0.034263440554784155 0.005964083070506251 100000 1 606 28.119388329051542 1
1 103020 0.9190533616890232 0.007166947499007757 0.03601386127731997 0.005927267615659978 100000 2 611 53.071178618907645 1
1 103020 0.927216631748272 0.0052974941940549265 0.036956731512713746 0.004823772084774541 100000 4 607 49.95748192213054 1
1 103020 0.918425757653093 0.008920855277683722 0.03450636098723886 0.006324220476766572 100000 8 596 48.088460154178364 1
1 154530 0.8992888144585953 0.014237431590476078 0.03351830473318882 0.008310166884598534 100000 1 595 49.72373678636794 1
1 154530 0.9286825570087182 0.005781187765125313 0.03052535602665391 0.0039037892558864795 100000 2 598 55.243099116541245 1
1 154530 0.9485894932787511 0.006946007118818758 0.026225477493664114 0.007395068366848525 100000 4 604 41.07919181288746 1
1 154530 0.9414701709574265 0.005670081763205372 0.024429348799235678 0.00654081094002823 100000 8 615 53.773599470372076 1
1 206040 0.9079955959985616 0.010067620720534586 0.03160983786215461 0.004892290626857201 100000 1 613 45.13867521316947 1
1 206040 0.9450139622429703 0.0053528080361104095 0.01963050559182342 0.0044327019559094825 100000 2 610 58.89100101034113 1
1 206040 0.9559366653665842 0.0063125459568795705 0.022068236136197402 0.0045734159254324875 100000 4 621 43.58554806354969 1
1 206040 0.9549627601352354 0.006062102818268246 0.01914564049667995 0.005958661180774806 100000 8 604 43.97499289368902 1
