0 20604 0.7625060198075568 0.007084412169070591 0.14117780480778114 0.009396012671205602 100000 1 572 46.82947789587238 0
0 20604 0.7388317815363047 0.011232724782398562 0.1469864419045061 0.00978654116424541 100000 2 545 42.4976469936866 0
0 41208 0.8217845173084923 0.007347103586816471 0.09491722625418497 0.00646258390802753 100000 1 589 51.95238204355985 0
0 41208 0.8357497603049333 0.005339917049736351 0.08472973915280935 0.005585688335771485 100000 2 581 43.11960111132755 0
0 61812 0.8470408318301981 0.006495774242536069 0.07339577220925923 0.008835213122297132 100000 1 587 65.6060210651431 0
0 61812 0.8717166899058089 0.004530102416444869 0.06176184388959775 0.006556281246206648 100000 2 607 55.85158905528114 0
0 82416 0.8569729682654987 0.004948623530241843 0.06627851513955704 0.0065221913532875295 100000 1 600 73.28540100183665 0
0 82416 0.8922891154956979 0.0048391994020621455 0.05462219852967078 0.0059856282625945145 100000 2 633 47.21016839622583 0
0 103020 0.8629608341696027 0.005701108828066024 0.06142126326862359 0.006597563583311175 100000 1 601 63.35258479336104 0
0 103020 0.9019437995645163 0.004049028447031865 0.049072698085943126 0.005112825270397343 100000 2 610 48.926986418540025 0
0 123624 0.8676427599545912 0.005286760931874361 0.05552078425918774 0.006071062534419687 100000 1 610 52.052857750559674 0
0 123624 0.9093831363920477 0.005322654168268414 0.04297571278618955 0.004561743461610726 100000 2 641 71.87663041629038 0
0 144228 0.8704286551178765 0.004354637782291284 0.056693031021606645 0.005931740702581137 100000 1 604 62.12165483951631 0
0 144228 0.9119513342486535 0.005363385362435209 0.041956318864440664 0.004855474722095547 100000 2 614 48.499484533343235 0
0 206040 0.8785035818559773 0.005673904386534172 0.04977586686884299 0.005624770915925731 100000 1 616 42.62159077275272 0
0 206040 0.925315398392393 0.003887533431005337 0.03337615143196222 0.0038333391172427657 100000 2 641 44.22555822146285 0
