1 20604 0.8409125926767729 0.011491386683420677 0.034009773167511165 0.005699292074171701 1000 2 625 47.10679356525978 1
1 20604 0.7955293274202694 0.012958995658211405 0.10266518378695919 0.022492187972859273 10000 2 549 46.1351276144328 1
1 20604 0.8392911946253611 0.011607181470447316 0.03615949994261728 0.005685699091123027 100000 2 612 47.39409245887086 1
1 20604 0.7926171264959273 0.026985517038794402 0.10843186105966966 0.019557050050148777 1000000 2 560 46.85189430535333 1
1 20604 0.8336001229451295 0.009861934612935068 0.05341254291682316 0.006362158561273287 1000 2 618 53.96109709781668 0
1 20604 0.8073154111067314 0.021619618157292964 0.08394807289749553 0.02028597276320417 10000 2 585 44.53257234878758 0
1 20604 0.8287606513062011 0.008147034644039678 0.05554529985680776 0.00702493846211329 100000 2 604 56.302309011265244 0
1 20604 0.782340156672064 0.02279412443556781 0.12528361988694664 0.011444306691927433 1000000 2 540 53.32682251925385 0
1 20604 0.8018838974060403 0.02437698770867277 0.07904661710466457 0.025348974937353653 1000 2 569 41.76062738992316 1
1 20604 0.8318770913411315 0.011706238426683098 0.03735701675189383 0.013108191396132186 10000 2 576 48.299585919550076 1
1 20604 0.7883905564328421 0.011943067176595233 0.11046582182032554 0.023109310219666664 100000 2 548 40.36768509587836 1
1 20604 0.8065849666181897 0.023672409048191727 0.076794161099314 0.014627656997759328 1000000 2 586 56.37109188227597 1
1 206040 0.9440515414296925 0.008866337425810888 0.020875203387995412 0.0036204008692779285 1000000 2 643 54.419665563103194 1
1 51510 0.8932701299166146 0.01573255436930997 0.03966968726964732 0.005560943749070084 1000000 2 638 66.28649937958708 1
1 51510 0.857109309528852 0.005797495207617908 0.0735394622736624 0.006795436142279161 1000000 2 580 37.790871913730705 1
