0 20604 0.7590250827396221 0.006215825878843451 0.1416592799012929 0.005302181220204968 100000 2 365 19.0 0 2
0 41208 0.8380254038935431 0.005765682435415031 0.07538976845545983 0.003941165956472509 100000 2 403 7.0 0 2
0 61812 0.904319586948776 0.0065209169736542005 0.04364606944520508 0.004279959791842286 100000 2 412 66.50187967268293 0 2
0 82416 0.9212943253233723 0.0023284076707971724 0.030159995624034416 0.005191281006311985 100000 2 431 20.0 0 2
0 103020 0.9276023124118162 0.007535517481762455 0.025159514099949987 0.001364550071173004 100000 2 437 3.0 0 2
0 123624 0.9313923221849383 0.006825032328122149 0.025410806292895882 0.0034957421903317742 100000 2 419 78.50159234053791 0 2
0 144228 0.930055739265762 0.004700041850715986 0.028328503707673744 0.004660948744315982 100000 2 367 22.0 0 2
0 206040 0.9512324352539382 0.0012261668430274542 0.0208854714213544 0.0012302194025389651 100000 2 509 121.0 0 2
0 20604 0.7432934464077037 0.00329919455208022 0.11280108485190751 0.003736998897355376 100000 2 348 68.50182479321262 1 2
0 41208 0.84760766395838 0.009537705652696182 0.059014695587874644 0.0013990707215759401 100000 2 380 7.516648189186454 1 2
0 61812 0.8987961707575001 0.003940962437531947 0.03394220190907046 0.001156413372517734 100000 2 349 10.0 1 2
0 82416 0.9095855022131392 4.4847381295926025E-4 0.035665997516804715 0.003887768984012302 100000 2 407 33.0 1 2
0 103020 0.9327549966134725 0.003211803693218551 0.021879497300864012 0.0013414777054260446 100000 2 382 21.0 1 2
0 123624 0.9244303765382014 0.007196107196931034 0.023290095120821933 0.004733221567322407 100000 2 700 255.5004892363222 1 2
0 144228 0.9306114421808896 0.0061071669589216615 0.020697731291983795 0.0026158758867892984 100000 2 531 123.0 1 2
0 206040 0.9488675700708544 0.005944548275148176 0.011334691250147952 0.002313203732343297 100000 2 621 208.0 1 2
1 20604 0.8272353742317361 0.019824279224276875 0.05429414684059233 0.00194454532792665 100000 2 438 4.527692569068709 0 2
1 41208 0.9058954232422551 0.012011019402024259 0.015410051597543342 0.0017423494114039012 100000 2 531 54.502293529722216 0 2
1 61812 0.9424123194159496 3.933932362411019E-4 0.010548922649818396 4.269125278082847E-4 100000 2 572 52.502380898393554 0 2
1 82416 0.942523452100333 0.0017732722103403487 0.016715640000749543 0.0022374811030655972 100000 2 535 136.50091574784398 0 2
