1 20604 0.8298504103389788 0.019119739202828723 0.06170928968540282 0.009867406425048492 1000 2 425 72.0 1 2
1 41208 0.9134968012464397 0.005435122919382085 0.015064404179114893 0.0014308991973765728 1000 2 491 32.50384592629001 1 2
1 61812 0.9326491329516988 0.0040799287401812045 0.0063480981254381424 0.0013273404710530817 1000 2 357 6.519202405202649 1 2
1 82416 0.9254902599170813 0.003652007262272161 0.014324116832656428 0.002893620729513366 1000 2 343 68.0 1 2
1 103020 0.9530818189756225 0.0017884182906287016 0.013671980371937856 0.005552914319209776 1000 2 425 24.0 1 2
1 123624 0.9509682953281786 0.00404775676075092 0.0066544913419913365 0.0030181277056277045 1000 2 377 26.0 1 2
1 144228 0.9470685713208626 0.006856000085697755 0.0076070790654421405 0.002010064140069018 1000 2 477 62.50199996800102 1 2
1 206040 0.96222152395817 0.002888921788337606 0.004714957533471342 3.1814289436596366E-4 1000 2 432 28.0 1 2
1 20604 0.8377786979353676 0.0011750894658522637 0.04223949424828295 0.0018893277166419503 10000 2 407 47.502631506054485 1 2
1 41208 0.9155188678605651 0.007052109649971383 0.016369630240878064 0.0027977835917706584 10000 2 354 2.0 1 2
1 61812 0.9329858502793262 8.48025985697165E-4 0.0051085632456996655 1.6827460836352226E-4 10000 2 427 19.50640920313116 1 2
1 82416 0.9471868439716398 5.329293042666272E-4 0.00769472987879348 7.339905614969361E-4 10000 2 404 33.50373113550191 1 2
1 103020 0.9465835944911187 0.006075072188065245 0.008999307536340359 0.0021044540519769422 10000 2 414 53.0 1 2
1 123624 0.9569056746450948 0.007538655768206393 0.007666116157139455 0.0025911096056511346 10000 2 549 99.50125627347627 1 2
1 144228 0.9558137399531141 0.00260599928998545 0.01200916380497942 0.0036067683056146133 10000 2 487 8.0 1 2
1 206040 0.9629767924661128 6.74975255979593E-4 0.005907578807839292 0.0010477126466032494 10000 2 439 16.0 1 2
1 20604 0.826147271676767 0.019846360797712015 0.07593237966627045 0.017359432971591232 100000 2 310 13.0 1 2
1 41208 0.9153334753437281 0.00515722834575344 0.012443685257491122 0.002056036323106164 100000 2 480 32.50384592629001 1 2
1 61812 0.9240993531171522 0.003348736968170618 0.014761698916010937 0.004470384628050619 100000 2 447 12.509996003196804 1 2
1 82416 0.935719814313023 0.0032760937531344236 0.007702279124712538 0.001428562959774518 100000 2 587 64.50193795538239 1 2
1 103020 0.9393099446126003 0.010029550123452913 0.016145583531587335 0.002702381525172673 100000 2 386 44.50280890011326 1 2
1 123624 0.9533138290818574 0.004429164342477976 0.005197750841049634 6.184939823517116E-4 100000 2 538 78.50159234053791 1 2
1 144228 0.9578077310035501 0.0030667071682145552 0.010482265559063578 2.518066266839203E-5 100000 2 489 76.0 1 2
1 206040 0.9577626275572617 0.006750478225438394 0.006077789018965496 6.471712354064185E-5 100000 2 504 105.0 1 2
1 20604 0.7934593364745617 0.014420188803234535 0.06920339433575116 0.008718640241379874 1000000 2 305 11.510864433221338 1 2
1 41208 0.8785382615981283 0.008062936777487206 0.03469798902171618 0.003685093365064382 1000000 2 438 17.0 1 2
1 61812 0.9243637544780725 0.004401456118952596 0.02187145243988986 0.003282812164502602 1000000 2 363 2.5495097567963922 1 2
1 82416 0.9149854528449568 0.0030311434345642874 0.02312685053427159 0.00668324495202495 1000000 2 405 32.0 1 2
1 103020 0.9280207408751839 0.0020772093610020304 0.02456465691434956 0.00563869236794709 1000000 2 425 3.0 1 2
1 123624 0.9453183075226212 0.007096099098283737 0.014802991702464477 0.006428690565005432 1000000 2 456 17.0 1 2
1 144228 0.946402059041457 0.005286848594102944 0.01383216791710093 0.003954831974020467 1000000 2 541 137.50090908790386 1 2
1 206040 0.9557896989424672 6.83025600523024E-8 0.008283620422432802 1.556174510973507E-4 1000000 2 572 92.0 1 2
