761 0.07884336141644749 0.7416974211477276 2511 7297 20604 100000 1 1
0.06570302233902758 0.061884669479606136 0.11157024793388426 0.07621550591327197 0.7014361292030166 0.7726183950037798 0.7806719039773153 0.7120632564067985 
587 0.08752719705440948 0.73632678424895 1909 5538 20604 100000 1 1
0.09369676320272569 0.0822179732313576 0.0992366412213741 0.07495741056218053 0.6928995150719023 0.7993997078095898 0.7686233614064274 0.6843845527078809 
715 0.0767247438038372 0.7642273362613179 2358 6329 20604 100000 1 1
0.0699300699300699 0.059270516717325195 0.10217391304347823 0.0755244755244755 0.7316295571644245 0.8143289214280398 0.770945933602865 0.740004932849942 
723 0.07608720010128958 0.7451922393043646 2382 5961 20604 100000 1 1
0.08437067773167362 0.06736526946107779 0.08207343412527002 0.0705394190871369 0.7081812011971841 0.7861760148752285 0.7777723960216305 0.7086393451234156 
799 0.07827172074824759 0.7501025452905064 2649 6697 20604 100000 1 1
0.0838548185231539 0.0619111709286676 0.09848484848484851 0.06883604505632035 0.7153732313022098 0.7827004011126127 0.7960497844484283 0.7062867642987743 
764 0.07980999753384135 0.7799532845490099 2543 7459 20604 100000 1 1
0.07198952879581155 0.06827880512091034 0.10436432637571158 0.07460732984293195 0.7448663455048251 0.8148783184386557 0.809584599331509 0.75048387492105 
635 0.07250690462472678 0.7591000884769126 2091 5608 20604 100000 1 1
0.06614173228346454 0.06968641114982577 0.08333333333333337 0.07086614173228345 0.7284746555740602 0.7990180895064085 0.7841244087048068 0.7247832001223746 
730 0.08037310953669827 0.7593958208123956 2408 6328 20604 100000 1 1
0.07260273972602738 0.06766917293233088 0.10450819672131151 0.0767123287671233 0.7151600865868647 0.8020151879912115 0.7987642184145072 0.7216437902569992 
614 0.06938698894666967 0.7594183491054394 2053 5587 20604 100000 1 1
0.05374592833876224 0.0574506283662477 0.10120481927710845 0.06514657980456029 0.7167772979129294 0.8002024129002984 0.8171273995618883 0.7035662860466415 
802 0.06986182705184382 0.7493068280839048 2669 7740 20604 100000 1 1
0.06608478802992523 0.060109289617486295 0.09090909090909094 0.06234413965087282 0.7128406408187253 0.787884724331185 0.784401957774848 0.7120999894108608 
664 0.07708474868637544 0.7555105157553971 2199 6032 20604 100000 1 1
0.06777108433734935 0.06499999999999995 0.08370044052863435 0.0918674698795181 0.710379185804758 0.8008350402020943 0.7864389374968409 0.7243888995178951 
767 0.07759152966366692 0.7573384409107035 2531 6661 20604 100000 1 1
0.06910039113428945 0.06355932203389836 0.11382113821138207 0.0638852672750978 0.7122553655336249 0.8101004478921108 0.7903870178833838 0.7166109323336944 
713 0.09149513576750892 0.7442545013442591 2333 5786 20604 100000 1 1
0.08274894810659184 0.07413010590015123 0.13617021276595742 0.0729312762973352 0.7026859586479463 0.7957480000881694 0.7712859202081487 0.7072981264327721 
810 0.06705740650594066 0.747266779783097 2718 7107 20604 100000 1 1
0.06172839506172845 0.06233421750663126 0.08614232209737827 0.05802469135802468 0.7110459241117253 0.8023078490631101 0.7645618215711706 0.711151524386382 
775 0.062126480660614936 0.7608554979758048 2593 6771 20604 100000 1 1
0.05419354838709678 0.05013927576601673 0.08997955010224945 0.05419354838709678 0.7231024336518151 0.7991144712096263 0.7955352837517521 0.7256698032900254 
759 0.08299496775156903 0.7537788245465885 2504 6457 20604 100000 1 1
0.07246376811594202 0.06851311953352768 0.1053639846743295 0.08563899868247693 0.721949289126163 0.8020744061485352 0.7882958986894294 0.7027957042222264 
742 0.07890912821467952 0.7415894564121961 2453 6538 20604 100000 1 1
0.06738544474393526 0.06578947368421051 0.10429447852760731 0.07816711590296499 0.7006186710239899 0.7885090275077976 0.7761007020817166 0.7011294250352806 
644 0.08149008743315905 0.7488386815700232 2112 5227 20604 100000 1 1
0.07763975155279501 0.059523809523809534 0.11270983213429253 0.07608695652173914 0.7226989544843044 0.7928081538372059 0.7784563135017961 0.701391304456786 
721 0.08400176774578036 0.7380699299124851 2342 7187 20604 100000 1 1
0.07766990291262132 0.07014925373134329 0.11467889908256879 0.07350901525658804 0.70225387811285 0.7710301973260933 0.7829249315573178 0.6960707126536795 
597 0.0778065464889027 0.755433590184352 1969 5808 20604 100000 1 1
0.07202680067001677 0.05772811918063314 0.10776942355889729 0.0737018425460636 0.7160578485604955 0.7980636207638501 0.7756251214785962 0.7319877699344661 
765 0.1086825681745468 0.7050499985422358 2435 7104 20604 100000 2 1
0.10457516339869277 0.09790209790209792 0.1198347107438017 0.11241830065359482 0.6379427018003488 0.7586916792703648 0.7685094201866913 0.6550561929115384 
738 0.10244906032611356 0.7365383793859148 2381 6397 20604 100000 2 1
0.09756097560975607 0.06851311953352768 0.1434511434511434 0.10027100271002709 0.6751576360315874 0.8050520472872836 0.7860926948019676 0.6798511394228207 
731 0.11816470988401945 0.7435643189260808 2301 6398 20604 100000 2 1
0.12585499316005477 0.09629629629629632 0.1273885350318471 0.12311901504787959 0.701059673740834 0.7958882547223403 0.7987148600362343 0.6785944872049144 
658 0.11509084082799914 0.727909692537272 2081 5535 20604 100000 2 1
0.11398176291793316 0.07960199004975121 0.14519906323185017 0.12158054711246202 0.6725203826220125 0.7947326843561894 0.7799787443478817 0.664406958823004 
667 0.1259617294151576 0.7529652917790711 2070 5243 20604 100000 2 1
0.13193403298350825 0.09983633387888702 0.14014251781472686 0.13193403298350825 0.7066912615738576 0.8242946112619758 0.7945712279571425 0.6863040663233083 
701 0.12526494247679243 0.7505691524889966 2208 6306 20604 100000 2 1
0.12125534950071326 0.11195158850226927 0.14945054945054947 0.11840228245363771 0.6952167956654337 0.8171151014275243 0.7990014398512453 0.6909432730117826 
646 0.11471637052990533 0.7406806960516592 2029 5792 20604 100000 2 1
0.11919504643962853 0.07166666666666666 0.15345268542199486 0.11455108359133126 0.6953200337143248 0.7942845457625581 0.7839215451780284 0.6891966595517255 
591 0.1293227957949231 0.7471343919942521 1843 4859 20604 100000 2 1
0.13705583756345174 0.11252268602540838 0.12727272727272732 0.14043993231810492 0.6783202870134816 0.8013399479377011 0.8108288985062179 0.6980484345196081 
776 0.11979207148937912 0.7385071614152823 2444 6822 20604 100000 2 1
0.12113402061855671 0.09318497913769119 0.14629258517034072 0.11855670103092786 0.686680421319681 0.7785754344910261 0.8179105007864923 0.6708622890639299 
788 0.12124445721388169 0.7339185102706738 2480 6728 20604 100000 2 1
0.12436548223350252 0.09959072305593453 0.1417322834645669 0.11928934010152281 0.6586793114371079 0.774519182006071 0.8266194008532519 0.6758561467862643 
651 0.09913218141460187 0.7343464483553241 2098 5902 20604 100000 2 1
0.11213517665130568 0.06879194630872487 0.11421911421911424 0.10138248847926268 0.6873116159942052 0.8037127189848107 0.770545561289035 0.6758158971532454 
824 0.13256266086884197 0.7314832073888593 2579 6542 20604 100000 2 1
0.13592233009708743 0.08507853403141363 0.17818181818181822 0.1310679611650486 0.6506081860107469 0.8087623958710212 0.7960651104241708 0.6704971372494986 
712 0.12803420830106224 0.7305823538072003 2222 5764 20604 100000 2 1
0.1334269662921348 0.10151515151515156 0.1648351648351648 0.1123595505617978 0.6875350682528372 0.7921492026218643 0.7706061779693807 0.6720389663847185 
890 0.12317866270320668 0.7405187084556466 2812 7221 20604 100000 2 1
0.1235955056179775 0.08633093525179858 0.1558219178082192 0.12696629213483146 0.6765222501122391 0.797017431826274 0.8036164594708964 0.6849186924131769 
753 0.125673721953397 0.7229900313638633 2351 7372 20604 100000 2 1
0.10358565737051795 0.09784172661870505 0.17510548523206748 0.12616201859229748 0.6557775956847677 0.7849774876803094 0.7919004082574084 0.6593046338329678 
684 0.12943682784196264 0.7464828136318296 2130 6693 20604 100000 2 1
0.13304093567251463 0.10240000000000005 0.14634146341463417 0.13596491228070173 0.6884420206829487 0.8054372223896037 0.8010863113064014 0.6909657001483646 
806 0.13996754477387305 0.7390255778539185 2494 7518 20604 100000 2 1
0.13399503722084372 0.11111111111111116 0.17208413001912048 0.14267990074441683 0.6824316156401979 0.7855774088337105 0.8046912356415752 0.6834020513001906 
767 0.142304572232614 0.7303967349651279 2354 6499 20604 100000 2 1
0.1395045632333768 0.101123595505618 0.179959100204499 0.1486310299869622 0.6656657275906224 0.792938064976403 0.7867157213246302 0.6762674259688561 
700 0.13914356734699518 0.7420734381845954 2151 6681 20604 100000 2 1
0.12857142857142856 0.11248073959938365 0.15695067264573992 0.15857142857142859 0.6795747039239725 0.784589001040265 0.8099420509290963 0.6941879968450477 
805 0.1251247314871863 0.7381614370327543 2506 7629 20604 100000 2 1
0.12670807453416144 0.10053619302949057 0.15400000000000003 0.11925465838509319 0.6875000792307884 0.7798923201910982 0.7881676015675216 0.6970857471416091 
715 0.13402649861747076 0.6699413137246086 2212 6223 20604 100000 4 1
0.14125874125874127 0.10925644916540211 0.13733905579399142 0.14825174825174825 0.5922150494905951 0.7451401260076462 0.7550499962579154 0.587360083142278 
590 0.11763407352189634 0.6593731292866141 1872 5594 20604 100000 4 1
0.12881355932203387 0.09090909090909094 0.13216957605985036 0.11864406779661019 0.5792612453307054 0.7537300918992785 0.7473711046959184 0.557130075220554 
605 0.12025236812738743 0.6684693710989462 1876 5279 20604 100000 4 1
0.1388429752066116 0.10018214936247727 0.1114058355437666 0.13057851239669427 0.5959859829225621 0.7443327357950845 0.7608901672640206 0.5726685984141175 
776 0.1006059558804733 0.6698076066568044 2486 7052 20604 100000 4 1
0.10180412371134018 0.08689458689458684 0.10805500982318272 0.10567010309278346 0.601054064090499 0.7502885929165007 0.7470232549107192 0.5808645147094988 
662 0.12935368781235684 0.6899705261597625 2051 5569 20604 100000 4 1
0.12839879154078548 0.13036303630363033 0.1317647058823529 0.12688821752265866 0.6001054789497696 0.7877538522105098 0.7809352996403626 0.5910874738384081 
