1416 0.021926561226339486 0.9459727466959108 5089 13241 206040 100000 
1240 0.021890137231858814 0.9452377630452791 4433 10389 206040 100000 
1294 0.023612182892917333 0.9423516096065253 4630 10892 206040 100000 
1281 0.018760416458808743 0.9394046092872221 4614 10698 206040 100000 
1241 0.02299192654841825 0.9399152407466544 4437 10393 206040 100000 
1279 0.02975156104686469 0.9437736925389715 4568 11267 206040 100000 
1366 0.0247072856872341 0.9381740760768873 4889 11133 206040 100000 
1248 0.024285026878242577 0.9428971006064624 4472 10267 206040 100000 
1410 0.023199016843316628 0.9340560550680472 5060 12346 206040 100000 
1290 0.021804369507118837 0.944660464397724 4617 11163 206040 100000 
1337 0.020932785953729688 0.950287675134108 4808 11959 206040 100000 
1244 0.021083478518556048 0.9480510177963202 4454 10391 206040 100000 
1201 0.018783612384851656 0.9486925753219905 4298 10462 206040 100000 
1211 0.018100508703128432 0.9462805305471621 4358 10478 206040 100000 
1276 0.020098553351530407 0.9481748150728048 4578 11520 206040 100000 
1154 0.02009987847545594 0.9427203690447324 4118 9675 206040 100000 
1364 0.01831643430737598 0.9458225862965498 4899 12439 206040 100000 
1237 0.023042824487221225 0.9416395237499321 4436 10987 206040 100000 
1186 0.020697792263218717 0.9442854341008857 4252 11012 206040 100000 
1116 0.022126800713736072 0.946187211341309 3992 9358 206040 100000 
1069 0.01781689942272985 0.9449475601993106 3824 9268 206040 100000 
1178 0.016922659198241402 0.9436604674557094 4221 9902 206040 100000 
1047 0.022531459598444437 0.9399071084960646 3731 8478 206040 100000 
1066 0.019684175045694585 0.9435173119153386 3825 8918 206040 100000 
1132 0.021028827982366077 0.9376602576656781 4030 9158 206040 100000 
1114 0.025994913225613425 0.940781504121931 3969 9119 206040 100000 
1154 0.022909303695544198 0.9346674449661696 4112 9672 206040 100000 
976 0.02310094474484281 0.9427111625271127 3461 8218 206040 100000 
997 0.022492878505381675 0.9446901651308184 3548 8603 206040 100000 
1109 0.020540072321584474 0.9461946247690335 3947 9580 206040 100000 
1074 0.01728961502013135 0.9457799173751872 3835 9047 206040 100000 
1042 0.017500201767538248 0.9413768479933685 3726 9272 206040 100000 
994 0.02275546784433974 0.9437195421926817 3556 8521 206040 100000 
1013 0.021116469784311864 0.9418762891066708 3592 8742 206040 100000 
1103 0.02080398021638452 0.9458361306425361 3943 9281 206040 100000 
1120 0.020691910357378163 0.9408799341141317 4000 10246 206040 100000 
983 0.020976342795351294 0.9394857207171874 3496 9085 206040 100000 
1104 0.023887471158335782 0.9432649717643282 3938 10002 206040 100000 
921 0.027103962562753853 0.9347227772275861 3249 7250 206040 100000 
985 0.020531365988375905 0.9368954118711651 3490 7802 206040 100000 
993 0.026469839229914444 0.9369639146423971 3518 8027 206040 100000 
954 0.028002395926924217 0.9348417536124869 3374 8023 206040 100000 
965 0.02961963821687591 0.9328316807114798 3391 7600 206040 100000 
960 0.0239212814322311 0.9331908243473621 3407 8210 206040 100000 
1056 0.02991539289608114 0.9354844720515325 3723 9367 206040 100000 
954 0.0239193228695862 0.9398291689148052 3383 8169 206040 100000 
994 0.025818119588468913 0.941096161901986 3514 8716 206040 100000 
913 0.019848503206719326 0.9395512194834795 3229 7661 206040 100000 
955 0.01646066636091789 0.9431204871808437 3391 8474 206040 100000 
861 0.02546816065786517 0.9387153571728701 3012 6877 206040 100000 
927 0.02010118912513975 0.9418416231989293 3290 8053 206040 100000 
938 0.0209889103761573 0.9395338459810554 3317 7643 206040 100000 
941 0.02079689469692292 0.9430762188271078 3343 7890 206040 100000 
1033 0.02397711708193284 0.9388801843382552 3641 9068 206040 100000 
871 0.02213045429112373 0.9418978439534286 3077 7852 206040 100000 
832 0.028040261488865875 0.9335136287434169 2925 7162 206040 100000 
805 0.025239831482109537 0.9399136916633752 2842 6508 206040 100000 
918 0.02057206756890223 0.9362357858273453 3240 6770 206040 100000 
873 0.027437495797404815 0.9323438481980911 3068 7754 206040 100000 
879 0.028133465923506934 0.9380147589097729 3099 7650 206040 100000 
817 0.031218411117322126 0.9307247879275513 2853 7410 206040 100000 
843 0.025926199435787445 0.936030784347846 2959 7206 206040 100000 
876 0.029467060093676167 0.9309667938867463 3064 7811 206040 100000 
928 0.02762624044951631 0.9424785169517007 3266 8692 206040 100000 
798 0.026045640618629684 0.9389348730709125 2795 7118 206040 100000 
726 0.0276988580452264 0.9363163900575535 2539 6126 206040 100000 
852 0.017157008070212337 0.9401496219457943 2989 7318 206040 100000 
830 0.0274955865149884 0.9358260248195518 2896 7363 206040 100000 
781 0.01892682551481123 0.9385868858698119 2770 6371 206040 100000 
777 0.02680241797070726 0.9344143152532189 2719 6390 206040 100000 
903 0.02130285603496998 0.9390896878145847 3172 6866 206040 100000 
744 0.024621274236496682 0.929900143066348 2600 6899 206040 100000 
710 0.026417254930554662 0.9341734004086943 2480 6875 206040 100000 
647 0.030213114447881995 0.9371746633790583 2260 5285 206040 100000 
741 0.027316152520891535 0.9378202763347079 2588 6416 206040 100000 
791 0.026520942074261117 0.9389373552352898 2773 6955 206040 100000 
678 0.024435597650777352 0.9328893960688398 2372 5941 206040 100000 
704 0.02430108317844376 0.9369922766245018 2480 6044 206040 100000 
814 0.030527816711127254 0.931654831976649 2837 7044 206040 100000 
733 0.026671269931604735 0.9324913789569027 2562 5900 206040 100000 
752 0.025975906548875494 0.9253548216861949 2628 6879 206040 100000 
698 0.025635455771690963 0.9341137384060787 2436 5893 206040 100000 
675 0.022528470984353344 0.9362293179851328 2358 6060 206040 100000 
628 0.03053798003007316 0.9351297617726365 2206 5682 206040 100000 
708 0.0210964941345958 0.9413128935145931 2477 5714 206040 100000 
689 0.021681409696594073 0.9336984898858682 2412 5273 206040 100000 
825 0.024172923430735932 0.938259566942239 2917 7686 206040 100000 
694 0.023659775203953376 0.9341862330768658 2425 6053 206040 100000 
846 0.023778873630993874 0.9395970583937541 2970 6753 206040 100000 
794 0.022165777571263617 0.9344090520925662 2793 7567 206040 100000 
614 0.03498894254613505 0.9265333981338686 2136 5601 206040 100000 
673 0.03272629635520735 0.9327527329506085 2338 5909 206040 100000 
673 0.028054919100081704 0.9319774956945559 2340 5864 206040 100000 
542 0.022056671183724508 0.9241719277448839 1886 4119 206040 100000 
631 0.03180049413664368 0.922003640964449 2177 5512 206040 100000 
681 0.03148441858174278 0.933774723967108 2371 6031 206040 100000 
745 0.03522906786174029 0.9322398300228737 2575 5792 206040 100000 
570 0.035405193945412444 0.9349760886909909 1972 4863 206040 100000 
699 0.03127681289247208 0.923642428798312 2424 5686 206040 100000 
626 0.026035449873371364 0.9340803392917693 2191 6095 206040 100000 
601 0.026714241522893784 0.9375778321075844 2096 5298 206040 100000 
575 0.026544926861509 0.9303937774923223 2001 4526 206040 100000 
554 0.024442005771284775 0.9328105160647284 1919 4861 206040 100000 
607 0.020435356552526346 0.9363224732622432 2141 5388 206040 100000 
539 0.02838987543069174 0.9276239711908407 1876 4845 206040 100000 
628 0.02548731784827485 0.9326457199184051 2170 5998 206040 100000 
557 0.02821453742089225 0.9337309511030454 1942 4622 206040 100000 
637 0.025281624322136043 0.9325117398662044 2216 5781 206040 100000 
545 0.029961841530386446 0.9260055691195483 1898 5238 206040 100000 
554 0.033235258183356875 0.9384950128129615 1920 4654 206040 100000 
479 0.027676332462456044 0.9280474174930117 1670 3908 206040 100000 
538 0.021703020684361807 0.9263515262941349 1872 4608 206040 100000 
632 0.02463720618828774 0.9339741584737462 2193 5657 206040 100000 
531 0.02622026539860156 0.9298454696957381 1857 4734 206040 100000 
561 0.028932659043376552 0.9232404920193644 1933 5230 206040 100000 
499 0.03485834808802729 0.9285270110575925 1725 4317 206040 100000 
633 0.03097831301754636 0.9250075193667957 2204 5674 206040 100000 
480 0.028830757523793188 0.9359701455170224 1675 4264 206040 100000 
512 0.0362586523866848 0.933246294062734 1764 4665 206040 100000 
770 0.02880524808803181 0.9365036030970607 2691 7663 206040 100000 
544 0.022307370107367996 0.9339201387271107 1882 4569 206040 100000 
548 0.017952545705869127 0.9385500586480937 1930 5156 206040 100000 
501 0.021152175092785247 0.9357403192246696 1760 4642 206040 100000 
467 0.029615394942501205 0.9320117773984646 1614 4369 206040 100000 
593 0.022708752330374782 0.9378547547831275 2085 5144 206040 100000 
590 0.028129047264029067 0.934106638919055 2052 5736 206040 100000 
452 0.03807895421792376 0.9256461670951552 1565 3630 206040 100000 
445 0.033349867989134724 0.9296162715822899 1541 3885 206040 100000 
463 0.030513233847168808 0.9297465914411165 1591 4102 206040 100000 
434 0.033248778808126794 0.9282893184075908 1494 3440 206040 100000 
494 0.04049218722917461 0.9271232506848524 1689 4618 206040 100000 
449 0.027985886418334993 0.9267615957935218 1563 4277 206040 100000 
538 0.031081689371355276 0.9264561682738605 1843 5040 206040 100000 
471 0.026986864986468573 0.9301519900270616 1626 3803 206040 100000 
450 0.02928996952064286 0.9225086126150324 1573 3962 206040 100000 
486 0.035974541242740465 0.9290754445500286 1684 4757 206040 100000 
461 0.02682398719265866 0.9306976843758612 1611 3642 206040 100000 
457 0.022929744859078394 0.9317965847782723 1590 3831 206040 100000 
429 0.026209535274574702 0.929466313392771 1476 3630 206040 100000 
450 0.022662594860870716 0.9359251247470964 1573 3860 206040 100000 
417 0.02701710267396848 0.9372568047848983 1455 3309 206040 100000 
374 0.027897425894922778 0.9211476527495697 1290 3359 206040 100000 
463 0.030659386671326283 0.930177718587736 1611 4253 206040 100000 
491 0.02831198098150481 0.9287789291555678 1696 4571 206040 100000 
412 0.023997813032701626 0.9278473727122856 1443 3728 206040 100000 
472 0.024958269131997946 0.9317481756701814 1638 4737 206040 100000 
477 0.03050868393547751 0.9279329144761522 1643 3983 206040 100000 
447 0.02452630360186106 0.927781855735202 1544 3860 206040 100000 
425 0.024143058600131273 0.9318952870265436 1477 3864 206040 100000 
445 0.02664620808047169 0.9307015355312067 1552 4090 206040 100000 
407 0.028269607464435548 0.9220185936549168 1398 3317 206040 100000 
421 0.025039359540738354 0.9263948864347913 1468 3842 206040 100000 
456 0.027443546003555558 0.9232517914988253 1577 4077 206040 100000 
411 0.028682388171439283 0.9309529630692033 1427 3761 206040 100000 
415 0.03500236169263343 0.93379154617348 1433 4179 206040 100000 
407 0.032208722281246965 0.9291544905934124 1397 3504 206040 100000 
589 0.025000453955312668 0.9345689130617185 2036 5138 206040 100000 
350 0.028806508673541203 0.9224413797305101 1209 2893 206040 100000 
515 0.031267436143823046 0.9379677157354611 1784 5350 206040 100000 
437 0.02815669608804619 0.9287560556245742 1491 3997 206040 100000 
397 0.028115244157435604 0.9271979628143374 1381 3552 206040 100000 
436 0.02399570196231393 0.9223953560014102 1520 3591 206040 100000 
350 0.03258073784622459 0.9181735206195677 1201 3147 206040 100000 
382 0.03313032695883508 0.9335400896344765 1325 3455 206040 100000 
397 0.03411327216096824 0.9243628956435588 1364 3742 206040 100000 
415 0.035024682123397655 0.927708432408121 1413 3832 206040 100000 
400 0.032737628178945294 0.9268649643525162 1378 3311 206040 100000 
321 0.031195169549181806 0.9288775370949895 1102 3074 206040 100000 
358 0.028281101671812914 0.9228174618787685 1236 3236 206040 100000 
370 0.026535370308517547 0.9230844947180572 1277 3154 206040 100000 
362 0.037227094482643164 0.9214361096144116 1242 2989 206040 100000 
